
DETAxialBot = [
    1    1    1    1    1    1    1    1    1    1  3.81596E-07 0.16345 
    2    1    1    1    1    1    1    2    1    1  6.24752E-07 0.13977 
    3    1    1    1    1    1    1    3    1    1  1.07460E-06 0.10744 
    4    1    1    1    1    1    1    4    1    1  1.51635E-06 0.08392 
    5    1    1    1    1    1    1    5    1    1  1.89962E-06 0.08184 
    6    1    1    1    1    1    1    6    1    1  2.41335E-06 0.07145 
    7    1    1    1    1    1    1    7    1    1  2.65334E-06 0.06638 
    8    1    1    1    1    1    1    8    1    1  3.42241E-06 0.05818 
    9    1    1    1    1    1    1    9    1    1  3.69182E-06 0.05641 
   10    1    1    1    1    1    1   10    1    1  4.50235E-06 0.05347 
   11    1    1    1    1    1    1   11    1    1  4.53555E-06 0.05207 
   12    1    1    1    1    1    1   12    1    1  4.98079E-06 0.04746 
   13    1    1    1    1    1    1   13    1    1  5.96246E-06 0.04425 
   14    1    1    1    1    1    1   14    1    1  6.32944E-06 0.04363 
   15    1    1    1    1    1    1   15    1    1  6.92676E-06 0.04197 
   16    1    1    1    1    1    1   16    1    1  7.98693E-06 0.03994 
   17    1    1    1    1    1    1   17    1    1  8.19839E-06 0.03882 
   18    1    1    1    1    1    1   18    1    1  8.44369E-06 0.03792 
   19    1    1    1    1    1    1   19    1    1  9.67423E-06 0.03528 
   20    1    1    1    1    1    1   20    1    1  1.02109E-05 0.03364 
   21    1    1    1    1    1    1   21    1    1  1.15377E-05 0.03238 
   22    1    1    1    1    1    1   22    1    1  1.18913E-05 0.03205 
   23    1    1    1    1    1    1   23    1    1  1.27673E-05 0.03071 
   24    1    1    1    1    1    1   24    1    1  1.37307E-05 0.03009 
   25    1    1    1    1    1    1   25    1    1  1.44174E-05 0.02918 
   26    1    1    1    1    1    1   26    1    1  1.46621E-05 0.02847 
   27    1    1    1    1    1    1   27    1    1  1.43900E-05 0.02857 
   28    1    1    1    1    1    1   28    1    1  1.48499E-05 0.02874 
   29    1    1    1    1    1    1   29    1    1  1.46582E-05 0.02800 
   30    1    1    1    1    1    1   30    1    1  1.29948E-05 0.02922 
   31    1    1    1    1    1    1   31    1    1  1.29312E-05 0.03088 
   32    1    1    1    1    1    1   32    1    1  9.96496E-06 0.03524 
   33    2    1    1    1    1    1    1    1    1  0.00000E+00 0.00000 
   34    2    1    1    1    1    1    2    1    1  0.00000E+00 0.00000 
   35    2    1    1    1    1    1    3    1    1  0.00000E+00 0.00000 
   36    2    1    1    1    1    1    4    1    1  0.00000E+00 0.00000 
   37    2    1    1    1    1    1    5    1    1  0.00000E+00 0.00000 
   38    2    1    1    1    1    1    6    1    1  1.79643E-08 0.57721 
   39    2    1    1    1    1    1    7    1    1  0.00000E+00 0.00000 
   40    2    1    1    1    1    1    8    1    1  0.00000E+00 0.00000 
   41    2    1    1    1    1    1    9    1    1  6.00109E-09 1.00000 
   42    2    1    1    1    1    1   10    1    1  1.19390E-08 0.70702 
   43    2    1    1    1    1    1   11    1    1  6.01155E-09 1.00000 
   44    2    1    1    1    1    1   12    1    1  1.21039E-08 1.00000 
   45    2    1    1    1    1    1   13    1    1  1.19496E-08 0.70702 
   46    2    1    1    1    1    1   14    1    1  3.00196E-08 0.44699 
   47    2    1    1    1    1    1   15    1    1  4.80123E-08 0.49995 
   48    2    1    1    1    1    1   16    1    1  5.40551E-08 0.40051 
   49    2    1    1    1    1    1   17    1    1  1.20093E-08 0.70702 
   50    2    1    1    1    1    1   18    1    1  1.38311E-07 0.30976 
   51    2    1    1    1    1    1   19    1    1  1.28829E-07 0.27243 
   52    2    1    1    1    1    1   20    1    1  2.03651E-07 0.20258 
   53    2    1    1    1    1    1   21    1    1  3.14345E-07 0.17524 
   54    2    1    1    1    1    1   22    1    1  5.43952E-07 0.16121 
   55    2    1    1    1    1    1   23    1    1  7.52857E-07 0.12425 
   56    2    1    1    1    1    1   24    1    1  1.17169E-06 0.09854 
   57    2    1    1    1    1    1   25    1    1  1.53992E-06 0.08280 
   58    2    1    1    1    1    1   26    1    1  2.26936E-06 0.07042 
   59    2    1    1    1    1    1   27    1    1  2.66392E-06 0.06580 
   60    2    1    1    1    1    1   28    1    1  4.61669E-06 0.05173 
   61    2    1    1    1    1    1   29    1    1  5.75858E-06 0.04525 
   62    2    1    1    1    1    1   30    1    1  7.64751E-06 0.03949 
   63    2    1    1    1    1    1   31    1    1  1.08884E-05 0.03462 
   64    2    1    1    1    1    1   32    1    1  1.31300E-05 0.03111 
];


DETAxialBotE = [
 1.00000E-11  6.25000E-07  3.12505E-07
 6.25000E-07  2.00000E+01  1.00000E+01
];

DETAxialBotX = [
 5.51000E+01  5.65000E+01  5.58000E+01
];

DETAxialBotY = [
 1.05600E+02  1.07000E+02  1.06300E+02
];

DETAxialBotZ = [
-1.60000E+02 -1.55000E+02 -1.57500E+02
-1.55000E+02 -1.50000E+02 -1.52500E+02
-1.50000E+02 -1.45000E+02 -1.47500E+02
-1.45000E+02 -1.40000E+02 -1.42500E+02
-1.40000E+02 -1.35000E+02 -1.37500E+02
-1.35000E+02 -1.30000E+02 -1.32500E+02
-1.30000E+02 -1.25000E+02 -1.27500E+02
-1.25000E+02 -1.20000E+02 -1.22500E+02
-1.20000E+02 -1.15000E+02 -1.17500E+02
-1.15000E+02 -1.10000E+02 -1.12500E+02
-1.10000E+02 -1.05000E+02 -1.07500E+02
-1.05000E+02 -1.00000E+02 -1.02500E+02
-1.00000E+02 -9.50000E+01 -9.75000E+01
-9.50000E+01 -9.00000E+01 -9.25000E+01
-9.00000E+01 -8.50000E+01 -8.75000E+01
-8.50000E+01 -8.00000E+01 -8.25000E+01
-8.00000E+01 -7.50000E+01 -7.75000E+01
-7.50000E+01 -7.00000E+01 -7.25000E+01
-7.00000E+01 -6.50000E+01 -6.75000E+01
-6.50000E+01 -6.00000E+01 -6.25000E+01
-6.00000E+01 -5.50000E+01 -5.75000E+01
-5.50000E+01 -5.00000E+01 -5.25000E+01
-5.00000E+01 -4.50000E+01 -4.75000E+01
-4.50000E+01 -4.00000E+01 -4.25000E+01
-4.00000E+01 -3.50000E+01 -3.75000E+01
-3.50000E+01 -3.00000E+01 -3.25000E+01
-3.00000E+01 -2.50000E+01 -2.75000E+01
-2.50000E+01 -2.00000E+01 -2.25000E+01
-2.00000E+01 -1.50000E+01 -1.75000E+01
-1.50000E+01 -1.00000E+01 -1.25000E+01
-1.00000E+01 -5.00000E+00 -7.50000E+00
-5.00000E+00  0.00000E+00 -2.50000E+00
];

