
DETAxial = [
    1    1    1    1    1    1    1    1    1    1  1.67094E+14 0.01071 
    2    1    1    1    1    1    1    2    1    1  3.91066E+14 0.00777 
    3    1    1    1    1    1    1    3    1    1  6.10919E+14 0.00628 
    4    1    1    1    1    1    1    4    1    1  8.29687E+14 0.00561 
    5    1    1    1    1    1    1    5    1    1  1.06180E+15 0.00510 
    6    1    1    1    1    1    1    6    1    1  1.29535E+15 0.00472 
    7    1    1    1    1    1    1    7    1    1  1.53147E+15 0.00439 
    8    1    1    1    1    1    1    8    1    1  1.77055E+15 0.00417 
    9    1    1    1    1    1    1    9    1    1  2.02959E+15 0.00405 
   10    1    1    1    1    1    1   10    1    1  2.29727E+15 0.00385 
   11    1    1    1    1    1    1   11    1    1  2.57206E+15 0.00363 
   12    1    1    1    1    1    1   12    1    1  2.86115E+15 0.00346 
   13    1    1    1    1    1    1   13    1    1  3.18490E+15 0.00336 
   14    1    1    1    1    1    1   14    1    1  3.50602E+15 0.00319 
   15    1    1    1    1    1    1   15    1    1  3.85664E+15 0.00304 
   16    1    1    1    1    1    1   16    1    1  4.22487E+15 0.00293 
   17    1    1    1    1    1    1   17    1    1  4.61201E+15 0.00284 
   18    1    1    1    1    1    1   18    1    1  5.00158E+15 0.00275 
   19    1    1    1    1    1    1   19    1    1  5.38780E+15 0.00262 
   20    1    1    1    1    1    1   20    1    1  5.84250E+15 0.00252 
   21    1    1    1    1    1    1   21    1    1  6.27990E+15 0.00245 
   22    1    1    1    1    1    1   22    1    1  6.71164E+15 0.00242 
   23    1    1    1    1    1    1   23    1    1  7.10943E+15 0.00234 
   24    1    1    1    1    1    1   24    1    1  7.48419E+15 0.00226 
   25    1    1    1    1    1    1   25    1    1  7.73882E+15 0.00220 
   26    1    1    1    1    1    1   26    1    1  7.81379E+15 0.00221 
   27    1    1    1    1    1    1   27    1    1  7.67268E+15 0.00210 
   28    1    1    1    1    1    1   28    1    1  7.12327E+15 0.00218 
   29    1    1    1    1    1    1   29    1    1  6.09884E+15 0.00222 
   30    1    1    1    1    1    1   30    1    1  4.36815E+15 0.00249 
   31    1    1    1    1    1    1   31    1    1  2.48353E+15 0.00345 
   32    1    1    1    1    1    1   32    1    1  1.74172E+15 0.00406 
   33    1    1    1    1    1    1   33    1    1  1.38195E+15 0.00454 
   34    1    1    1    1    1    1   34    1    1  1.19603E+15 0.00480 
   35    1    1    1    1    1    1   35    1    1  1.10672E+15 0.00495 
   36    1    1    1    1    1    1   36    1    1  1.05488E+15 0.00518 
   37    1    1    1    1    1    1   37    1    1  1.04069E+15 0.00516 
   38    1    1    1    1    1    1   38    1    1  1.02647E+15 0.00516 
   39    1    1    1    1    1    1   39    1    1  1.02129E+15 0.00523 
   40    1    1    1    1    1    1   40    1    1  1.01563E+15 0.00520 
   41    1    1    1    1    1    1   41    1    1  1.02380E+15 0.00525 
   42    1    1    1    1    1    1   42    1    1  1.01267E+15 0.00518 
   43    1    1    1    1    1    1   43    1    1  1.01914E+15 0.00522 
   44    1    1    1    1    1    1   44    1    1  1.02963E+15 0.00510 
   45    1    1    1    1    1    1   45    1    1  1.02499E+15 0.00519 
   46    1    1    1    1    1    1   46    1    1  1.02421E+15 0.00518 
   47    1    1    1    1    1    1   47    1    1  1.01845E+15 0.00536 
   48    1    1    1    1    1    1   48    1    1  1.01490E+15 0.00529 
   49    1    1    1    1    1    1   49    1    1  1.01951E+15 0.00525 
   50    1    1    1    1    1    1   50    1    1  1.01708E+15 0.00518 
   51    1    1    1    1    1    1   51    1    1  1.01214E+15 0.00515 
   52    1    1    1    1    1    1   52    1    1  1.02599E+15 0.00507 
   53    1    1    1    1    1    1   53    1    1  1.02190E+15 0.00512 
   54    1    1    1    1    1    1   54    1    1  1.01952E+15 0.00524 
   55    1    1    1    1    1    1   55    1    1  1.01929E+15 0.00519 
   56    1    1    1    1    1    1   56    1    1  1.02679E+15 0.00516 
   57    1    1    1    1    1    1   57    1    1  1.00834E+15 0.00524 
   58    1    1    1    1    1    1   58    1    1  1.01614E+15 0.00513 
   59    1    1    1    1    1    1   59    1    1  1.02172E+15 0.00512 
   60    1    1    1    1    1    1   60    1    1  1.01616E+15 0.00532 
   61    1    1    1    1    1    1   61    1    1  1.01352E+15 0.00509 
   62    1    1    1    1    1    1   62    1    1  1.00816E+15 0.00526 
   63    1    1    1    1    1    1   63    1    1  1.00585E+15 0.00522 
   64    1    1    1    1    1    1   64    1    1  1.01748E+15 0.00517 
   65    1    1    1    1    1    1   65    1    1  1.00618E+15 0.00523 
   66    1    1    1    1    1    1   66    1    1  1.00819E+15 0.00526 
   67    1    1    1    1    1    1   67    1    1  1.02696E+15 0.00517 
   68    1    1    1    1    1    1   68    1    1  1.01444E+15 0.00514 
   69    1    1    1    1    1    1   69    1    1  1.01446E+15 0.00512 
   70    1    1    1    1    1    1   70    1    1  1.01400E+15 0.00519 
   71    1    1    1    1    1    1   71    1    1  1.00911E+15 0.00523 
   72    1    1    1    1    1    1   72    1    1  1.00592E+15 0.00525 
   73    1    1    1    1    1    1   73    1    1  1.00265E+15 0.00511 
   74    1    1    1    1    1    1   74    1    1  1.01637E+15 0.00503 
   75    1    1    1    1    1    1   75    1    1  1.01264E+15 0.00520 
   76    1    1    1    1    1    1   76    1    1  1.00270E+15 0.00508 
   77    1    1    1    1    1    1   77    1    1  1.00467E+15 0.00520 
   78    1    1    1    1    1    1   78    1    1  1.00041E+15 0.00521 
   79    1    1    1    1    1    1   79    1    1  1.00045E+15 0.00511 
   80    1    1    1    1    1    1   80    1    1  9.97785E+14 0.00519 
   81    1    1    1    1    1    1   81    1    1  1.01063E+15 0.00516 
   82    1    1    1    1    1    1   82    1    1  1.00673E+15 0.00511 
   83    1    1    1    1    1    1   83    1    1  1.00251E+15 0.00521 
   84    1    1    1    1    1    1   84    1    1  1.00984E+15 0.00520 
   85    1    1    1    1    1    1   85    1    1  1.00650E+15 0.00521 
   86    1    1    1    1    1    1   86    1    1  1.00791E+15 0.00507 
   87    1    1    1    1    1    1   87    1    1  1.00385E+15 0.00527 
   88    1    1    1    1    1    1   88    1    1  9.97907E+14 0.00503 
   89    1    1    1    1    1    1   89    1    1  1.01105E+15 0.00518 
   90    1    1    1    1    1    1   90    1    1  9.93937E+14 0.00507 
   91    1    1    1    1    1    1   91    1    1  9.90310E+14 0.00509 
   92    1    1    1    1    1    1   92    1    1  9.98768E+14 0.00513 
   93    1    1    1    1    1    1   93    1    1  9.90457E+14 0.00520 
   94    1    1    1    1    1    1   94    1    1  9.95114E+14 0.00517 
   95    1    1    1    1    1    1   95    1    1  9.83431E+14 0.00522 
   96    1    1    1    1    1    1   96    1    1  9.84283E+14 0.00525 
   97    1    1    1    1    1    1   97    1    1  1.00743E+15 0.00523 
   98    1    1    1    1    1    1   98    1    1  9.94688E+14 0.00526 
   99    1    1    1    1    1    1   99    1    1  9.91019E+14 0.00518 
  100    1    1    1    1    1    1  100    1    1  9.95010E+14 0.00515 
  101    1    1    1    1    1    1  101    1    1  9.86452E+14 0.00513 
  102    1    1    1    1    1    1  102    1    1  9.77190E+14 0.00526 
  103    1    1    1    1    1    1  103    1    1  9.77830E+14 0.00524 
  104    1    1    1    1    1    1  104    1    1  9.86846E+14 0.00510 
  105    1    1    1    1    1    1  105    1    1  9.86856E+14 0.00516 
  106    1    1    1    1    1    1  106    1    1  9.81247E+14 0.00516 
  107    1    1    1    1    1    1  107    1    1  9.72189E+14 0.00513 
  108    1    1    1    1    1    1  108    1    1  9.64543E+14 0.00531 
  109    1    1    1    1    1    1  109    1    1  9.81734E+14 0.00537 
