
DETAxial = [
    1    1    1    1    1    1    1    1    1    1  2.55149E+14 0.01004 
    2    1    1    1    1    1    1    2    1    1  6.04743E+14 0.00701 
    3    1    1    1    1    1    1    3    1    1  9.46965E+14 0.00583 
    4    1    1    1    1    1    1    4    1    1  1.30303E+15 0.00520 
    5    1    1    1    1    1    1    5    1    1  1.65259E+15 0.00484 
    6    1    1    1    1    1    1    6    1    1  2.00847E+15 0.00454 
    7    1    1    1    1    1    1    7    1    1  2.37726E+15 0.00430 
    8    1    1    1    1    1    1    8    1    1  2.79023E+15 0.00407 
    9    1    1    1    1    1    1    9    1    1  3.17701E+15 0.00379 
   10    1    1    1    1    1    1   10    1    1  3.59232E+15 0.00367 
   11    1    1    1    1    1    1   11    1    1  4.02326E+15 0.00361 
   12    1    1    1    1    1    1   12    1    1  4.48052E+15 0.00340 
   13    1    1    1    1    1    1   13    1    1  4.95688E+15 0.00325 
   14    1    1    1    1    1    1   14    1    1  5.44889E+15 0.00319 
   15    1    1    1    1    1    1   15    1    1  5.98870E+15 0.00310 
   16    1    1    1    1    1    1   16    1    1  6.53994E+15 0.00296 
   17    1    1    1    1    1    1   17    1    1  7.11534E+15 0.00286 
   18    1    1    1    1    1    1   18    1    1  7.74797E+15 0.00281 
   19    1    1    1    1    1    1   19    1    1  8.40631E+15 0.00271 
   20    1    1    1    1    1    1   20    1    1  9.03528E+15 0.00267 
   21    1    1    1    1    1    1   21    1    1  9.74390E+15 0.00256 
   22    1    1    1    1    1    1   22    1    1  1.04139E+16 0.00251 
   23    1    1    1    1    1    1   23    1    1  1.10468E+16 0.00244 
   24    1    1    1    1    1    1   24    1    1  1.15646E+16 0.00239 
   25    1    1    1    1    1    1   25    1    1  1.19431E+16 0.00242 
   26    1    1    1    1    1    1   26    1    1  1.20224E+16 0.00241 
   27    1    1    1    1    1    1   27    1    1  1.16667E+16 0.00237 
   28    1    1    1    1    1    1   28    1    1  1.07407E+16 0.00236 
   29    1    1    1    1    1    1   29    1    1  9.00045E+15 0.00242 
   30    1    1    1    1    1    1   30    1    1  6.14272E+15 0.00267 
   31    1    1    1    1    1    1   31    1    1  3.19760E+15 0.00376 
   32    1    1    1    1    1    1   32    1    1  2.09480E+15 0.00430 
   33    1    1    1    1    1    1   33    1    1  1.59081E+15 0.00491 
   34    1    1    1    1    1    1   34    1    1  1.32469E+15 0.00515 
   35    1    1    1    1    1    1   35    1    1  1.20801E+15 0.00536 
   36    1    1    1    1    1    1   36    1    1  1.13105E+15 0.00563 
   37    1    1    1    1    1    1   37    1    1  1.10404E+15 0.00575 
   38    1    1    1    1    1    1   38    1    1  1.08781E+15 0.00575 
   39    1    1    1    1    1    1   39    1    1  1.06951E+15 0.00580 
   40    1    1    1    1    1    1   40    1    1  1.06108E+15 0.00588 
   41    1    1    1    1    1    1   41    1    1  1.06241E+15 0.00588 
   42    1    1    1    1    1    1   42    1    1  1.04750E+15 0.00593 
   43    1    1    1    1    1    1   43    1    1  1.04458E+15 0.00593 
   44    1    1    1    1    1    1   44    1    1  1.03938E+15 0.00592 
   45    1    1    1    1    1    1   45    1    1  1.03690E+15 0.00589 
   46    1    1    1    1    1    1   46    1    1  1.02461E+15 0.00595 
   47    1    1    1    1    1    1   47    1    1  1.02111E+15 0.00598 
   48    1    1    1    1    1    1   48    1    1  1.00200E+15 0.00592 
   49    1    1    1    1    1    1   49    1    1  9.85472E+14 0.00588 
   50    1    1    1    1    1    1   50    1    1  9.92751E+14 0.00601 
   51    1    1    1    1    1    1   51    1    1  9.95059E+14 0.00600 
   52    1    1    1    1    1    1   52    1    1  9.99730E+14 0.00613 
   53    1    1    1    1    1    1   53    1    1  9.87804E+14 0.00603 
   54    1    1    1    1    1    1   54    1    1  9.73721E+14 0.00600 
   55    1    1    1    1    1    1   55    1    1  9.71280E+14 0.00601 
   56    1    1    1    1    1    1   56    1    1  9.68050E+14 0.00598 
   57    1    1    1    1    1    1   57    1    1  9.46593E+14 0.00599 
   58    1    1    1    1    1    1   58    1    1  9.44136E+14 0.00615 
   59    1    1    1    1    1    1   59    1    1  9.37634E+14 0.00602 
   60    1    1    1    1    1    1   60    1    1  9.38986E+14 0.00608 
   61    1    1    1    1    1    1   61    1    1  9.33839E+14 0.00623 
   62    1    1    1    1    1    1   62    1    1  9.27466E+14 0.00605 
   63    1    1    1    1    1    1   63    1    1  9.19903E+14 0.00608 
   64    1    1    1    1    1    1   64    1    1  9.18501E+14 0.00610 
   65    1    1    1    1    1    1   65    1    1  9.08135E+14 0.00611 
   66    1    1    1    1    1    1   66    1    1  9.11216E+14 0.00604 
   67    1    1    1    1    1    1   67    1    1  9.04640E+14 0.00633 
   68    1    1    1    1    1    1   68    1    1  8.99227E+14 0.00624 
   69    1    1    1    1    1    1   69    1    1  8.93802E+14 0.00618 
   70    1    1    1    1    1    1   70    1    1  9.00308E+14 0.00625 
   71    1    1    1    1    1    1   71    1    1  8.89983E+14 0.00620 
   72    1    1    1    1    1    1   72    1    1  8.87033E+14 0.00619 
   73    1    1    1    1    1    1   73    1    1  8.77869E+14 0.00625 
   74    1    1    1    1    1    1   74    1    1  8.76059E+14 0.00639 
   75    1    1    1    1    1    1   75    1    1  8.69249E+14 0.00648 
   76    1    1    1    1    1    1   76    1    1  8.58496E+14 0.00649 
   77    1    1    1    1    1    1   77    1    1  8.56011E+14 0.00634 
   78    1    1    1    1    1    1   78    1    1  8.55079E+14 0.00641 
   79    1    1    1    1    1    1   79    1    1  8.45056E+14 0.00632 
   80    1    1    1    1    1    1   80    1    1  8.42940E+14 0.00627 
   81    1    1    1    1    1    1   81    1    1  8.40179E+14 0.00629 
   82    1    1    1    1    1    1   82    1    1  8.43097E+14 0.00642 
   83    1    1    1    1    1    1   83    1    1  8.36603E+14 0.00646 
   84    1    1    1    1    1    1   84    1    1  8.30413E+14 0.00634 
   85    1    1    1    1    1    1   85    1    1  8.21959E+14 0.00641 
   86    1    1    1    1    1    1   86    1    1  8.28357E+14 0.00657 
   87    1    1    1    1    1    1   87    1    1  8.18398E+14 0.00641 
   88    1    1    1    1    1    1   88    1    1  8.27964E+14 0.00638 
   89    1    1    1    1    1    1   89    1    1  8.18059E+14 0.00650 
   90    1    1    1    1    1    1   90    1    1  8.17096E+14 0.00663 
   91    1    1    1    1    1    1   91    1    1  8.02887E+14 0.00648 
   92    1    1    1    1    1    1   92    1    1  8.07530E+14 0.00663 
   93    1    1    1    1    1    1   93    1    1  7.93650E+14 0.00668 
   94    1    1    1    1    1    1   94    1    1  7.95701E+14 0.00665 
   95    1    1    1    1    1    1   95    1    1  7.92030E+14 0.00645 
   96    1    1    1    1    1    1   96    1    1  7.93705E+14 0.00660 
   97    1    1    1    1    1    1   97    1    1  7.85194E+14 0.00644 
   98    1    1    1    1    1    1   98    1    1  7.88132E+14 0.00664 
   99    1    1    1    1    1    1   99    1    1  7.83497E+14 0.00673 
  100    1    1    1    1    1    1  100    1    1  7.85963E+14 0.00649 
  101    1    1    1    1    1    1  101    1    1  7.82976E+14 0.00687 
  102    1    1    1    1    1    1  102    1    1  7.71896E+14 0.00659 
  103    1    1    1    1    1    1  103    1    1  7.78230E+14 0.00685 
  104    1    1    1    1    1    1  104    1    1  7.82180E+14 0.00674 
  105    1    1    1    1    1    1  105    1    1  7.81868E+14 0.00667 
  106    1    1    1    1    1    1  106    1    1  7.68785E+14 0.00673 
  107    1    1    1    1    1    1  107    1    1  7.57153E+14 0.00675 
  108    1    1    1    1    1    1  108    1    1  7.67808E+14 0.00688 
  109    1    1    1    1    1    1  109    1    1  7.60532E+14 0.00676 
