
DETAxial = [
    1    1    1    1    1    1    1    1    1    1  9.89655E+15 0.00391 
    2    1    1    1    1    1    1    2    1    1  2.26216E+16 0.00382 
    3    1    1    1    1    1    1    3    1    1  3.53077E+16 0.00368 
    4    1    1    1    1    1    1    4    1    1  4.82321E+16 0.00357 
    5    1    1    1    1    1    1    5    1    1  6.15286E+16 0.00343 
    6    1    1    1    1    1    1    6    1    1  7.53579E+16 0.00329 
    7    1    1    1    1    1    1    7    1    1  8.96272E+16 0.00320 
    8    1    1    1    1    1    1    8    1    1  1.04791E+17 0.00308 
    9    1    1    1    1    1    1    9    1    1  1.20736E+17 0.00301 
   10    1    1    1    1    1    1   10    1    1  1.37310E+17 0.00289 
   11    1    1    1    1    1    1   11    1    1  1.55200E+17 0.00279 
   12    1    1    1    1    1    1   12    1    1  1.74225E+17 0.00273 
   13    1    1    1    1    1    1   13    1    1  1.94108E+17 0.00265 
   14    1    1    1    1    1    1   14    1    1  2.15430E+17 0.00256 
   15    1    1    1    1    1    1   15    1    1  2.38402E+17 0.00246 
   16    1    1    1    1    1    1   16    1    1  2.63114E+17 0.00238 
   17    1    1    1    1    1    1   17    1    1  2.89663E+17 0.00231 
   18    1    1    1    1    1    1   18    1    1  3.18073E+17 0.00225 
   19    1    1    1    1    1    1   19    1    1  3.48917E+17 0.00222 
   20    1    1    1    1    1    1   20    1    1  3.81176E+17 0.00215 
   21    1    1    1    1    1    1   21    1    1  4.14771E+17 0.00208 
   22    1    1    1    1    1    1   22    1    1  4.48772E+17 0.00203 
   23    1    1    1    1    1    1   23    1    1  4.82537E+17 0.00199 
   24    1    1    1    1    1    1   24    1    1  5.13195E+17 0.00196 
   25    1    1    1    1    1    1   25    1    1  5.36937E+17 0.00191 
   26    1    1    1    1    1    1   26    1    1  5.48536E+17 0.00187 
   27    1    1    1    1    1    1   27    1    1  5.41254E+17 0.00183 
   28    1    1    1    1    1    1   28    1    1  5.05612E+17 0.00178 
   29    1    1    1    1    1    1   29    1    1  4.31928E+17 0.00175 
   30    1    1    1    1    1    1   30    1    1  3.11306E+17 0.00171 
   31    1    1    1    1    1    1   31    1    1  1.94640E+17 0.00170 
   32    1    1    1    1    1    1   32    1    1  1.41367E+17 0.00173 
   33    1    1    1    1    1    1   33    1    1  1.15921E+17 0.00177 
   34    1    1    1    1    1    1   34    1    1  1.04087E+17 0.00177 
   35    1    1    1    1    1    1   35    1    1  9.91523E+16 0.00180 
   36    1    1    1    1    1    1   36    1    1  9.72333E+16 0.00179 
   37    1    1    1    1    1    1   37    1    1  9.74535E+16 0.00175 
   38    1    1    1    1    1    1   38    1    1  9.75588E+16 0.00175 
   39    1    1    1    1    1    1   39    1    1  9.73805E+16 0.00172 
   40    1    1    1    1    1    1   40    1    1  9.77337E+16 0.00170 
   41    1    1    1    1    1    1   41    1    1  9.79669E+16 0.00168 
   42    1    1    1    1    1    1   42    1    1  9.77117E+16 0.00166 
   43    1    1    1    1    1    1   43    1    1  9.74835E+16 0.00166 
   44    1    1    1    1    1    1   44    1    1  9.78392E+16 0.00166 
   45    1    1    1    1    1    1   45    1    1  9.77808E+16 0.00165 
   46    1    1    1    1    1    1   46    1    1  9.75824E+16 0.00163 
   47    1    1    1    1    1    1   47    1    1  9.74467E+16 0.00162 
   48    1    1    1    1    1    1   48    1    1  9.72667E+16 0.00159 
   49    1    1    1    1    1    1   49    1    1  9.72045E+16 0.00158 
   50    1    1    1    1    1    1   50    1    1  9.73886E+16 0.00161 
   51    1    1    1    1    1    1   51    1    1  9.74592E+16 0.00157 
   52    1    1    1    1    1    1   52    1    1  9.77651E+16 0.00155 
   53    1    1    1    1    1    1   53    1    1  9.75285E+16 0.00156 
   54    1    1    1    1    1    1   54    1    1  9.72731E+16 0.00153 
   55    1    1    1    1    1    1   55    1    1  9.73577E+16 0.00153 
   56    1    1    1    1    1    1   56    1    1  9.74033E+16 0.00152 
   57    1    1    1    1    1    1   57    1    1  9.69799E+16 0.00150 
   58    1    1    1    1    1    1   58    1    1  9.67904E+16 0.00149 
   59    1    1    1    1    1    1   59    1    1  9.71157E+16 0.00149 
   60    1    1    1    1    1    1   60    1    1  9.70014E+16 0.00148 
   61    1    1    1    1    1    1   61    1    1  9.67624E+16 0.00145 
   62    1    1    1    1    1    1   62    1    1  9.64902E+16 0.00147 
   63    1    1    1    1    1    1   63    1    1  9.63515E+16 0.00145 
   64    1    1    1    1    1    1   64    1    1  9.64201E+16 0.00143 
   65    1    1    1    1    1    1   65    1    1  9.64321E+16 0.00144 
   66    1    1    1    1    1    1   66    1    1  9.67370E+16 0.00142 
   67    1    1    1    1    1    1   67    1    1  9.69160E+16 0.00139 
   68    1    1    1    1    1    1   68    1    1  9.66541E+16 0.00142 
   69    1    1    1    1    1    1   69    1    1  9.66106E+16 0.00141 
   70    1    1    1    1    1    1   70    1    1  9.65440E+16 0.00139 
   71    1    1    1    1    1    1   71    1    1  9.63295E+16 0.00136 
   72    1    1    1    1    1    1   72    1    1  9.61074E+16 0.00137 
   73    1    1    1    1    1    1   73    1    1  9.61419E+16 0.00136 
   74    1    1    1    1    1    1   74    1    1  9.64417E+16 0.00134 
   75    1    1    1    1    1    1   75    1    1  9.63289E+16 0.00135 
   76    1    1    1    1    1    1   76    1    1  9.61062E+16 0.00132 
   77    1    1    1    1    1    1   77    1    1  9.58604E+16 0.00131 
   78    1    1    1    1    1    1   78    1    1  9.57139E+16 0.00131 
   79    1    1    1    1    1    1   79    1    1  9.59451E+16 0.00134 
   80    1    1    1    1    1    1   80    1    1  9.58330E+16 0.00132 
   81    1    1    1    1    1    1   81    1    1  9.62348E+16 0.00130 
   82    1    1    1    1    1    1   82    1    1  9.62525E+16 0.00130 
   83    1    1    1    1    1    1   83    1    1  9.58846E+16 0.00129 
   84    1    1    1    1    1    1   84    1    1  9.59511E+16 0.00125 
   85    1    1    1    1    1    1   85    1    1  9.59771E+16 0.00125 
   86    1    1    1    1    1    1   86    1    1  9.59675E+16 0.00128 
   87    1    1    1    1    1    1   87    1    1  9.55889E+16 0.00130 
   88    1    1    1    1    1    1   88    1    1  9.56622E+16 0.00129 
   89    1    1    1    1    1    1   89    1    1  9.60059E+16 0.00131 
   90    1    1    1    1    1    1   90    1    1  9.57071E+16 0.00129 
   91    1    1    1    1    1    1   91    1    1  9.54086E+16 0.00131 
   92    1    1    1    1    1    1   92    1    1  9.52657E+16 0.00127 
   93    1    1    1    1    1    1   93    1    1  9.51457E+16 0.00128 
   94    1    1    1    1    1    1   94    1    1  9.51866E+16 0.00127 
   95    1    1    1    1    1    1   95    1    1  9.52096E+16 0.00128 
   96    1    1    1    1    1    1   96    1    1  9.54113E+16 0.00129 
   97    1    1    1    1    1    1   97    1    1  9.53919E+16 0.00126 
   98    1    1    1    1    1    1   98    1    1  9.50882E+16 0.00127 
   99    1    1    1    1    1    1   99    1    1  9.50013E+16 0.00126 
  100    1    1    1    1    1    1  100    1    1  9.50699E+16 0.00122 
  101    1    1    1    1    1    1  101    1    1  9.48490E+16 0.00121 
  102    1    1    1    1    1    1  102    1    1  9.45543E+16 0.00122 
  103    1    1    1    1    1    1  103    1    1  9.47411E+16 0.00122 
  104    1    1    1    1    1    1  104    1    1  9.47575E+16 0.00124 
  105    1    1    1    1    1    1  105    1    1  9.43453E+16 0.00124 
  106    1    1    1    1    1    1  106    1    1  9.39906E+16 0.00121 
  107    1    1    1    1    1    1  107    1    1  9.36119E+16 0.00123 
  108    1    1    1    1    1    1  108    1    1  9.36011E+16 0.00122 
  109    1    1    1    1    1    1  109    1    1  9.36676E+16 0.00123 
