
DETAxial = [
    1    1    1    1    1    1    1    1    1    1  1.58086E+16 0.00323 
    2    1    1    1    1    1    1    2    1    1  3.60746E+16 0.00316 
    3    1    1    1    1    1    1    3    1    1  5.64107E+16 0.00307 
    4    1    1    1    1    1    1    4    1    1  7.70769E+16 0.00301 
    5    1    1    1    1    1    1    5    1    1  9.80236E+16 0.00295 
    6    1    1    1    1    1    1    6    1    1  1.19521E+17 0.00289 
    7    1    1    1    1    1    1    7    1    1  1.41605E+17 0.00279 
    8    1    1    1    1    1    1    8    1    1  1.64251E+17 0.00271 
    9    1    1    1    1    1    1    9    1    1  1.87865E+17 0.00267 
   10    1    1    1    1    1    1   10    1    1  2.12652E+17 0.00260 
   11    1    1    1    1    1    1   11    1    1  2.38731E+17 0.00253 
   12    1    1    1    1    1    1   12    1    1  2.65965E+17 0.00250 
   13    1    1    1    1    1    1   13    1    1  2.94515E+17 0.00242 
   14    1    1    1    1    1    1   14    1    1  3.24137E+17 0.00232 
   15    1    1    1    1    1    1   15    1    1  3.55721E+17 0.00227 
   16    1    1    1    1    1    1   16    1    1  3.88843E+17 0.00222 
   17    1    1    1    1    1    1   17    1    1  4.23998E+17 0.00216 
   18    1    1    1    1    1    1   18    1    1  4.61109E+17 0.00209 
   19    1    1    1    1    1    1   19    1    1  4.99941E+17 0.00206 
   20    1    1    1    1    1    1   20    1    1  5.40425E+17 0.00202 
   21    1    1    1    1    1    1   21    1    1  5.81625E+17 0.00197 
   22    1    1    1    1    1    1   22    1    1  6.22979E+17 0.00193 
   23    1    1    1    1    1    1   23    1    1  6.62883E+17 0.00188 
   24    1    1    1    1    1    1   24    1    1  6.98600E+17 0.00184 
   25    1    1    1    1    1    1   25    1    1  7.25504E+17 0.00180 
   26    1    1    1    1    1    1   26    1    1  7.35831E+17 0.00177 
   27    1    1    1    1    1    1   27    1    1  7.22424E+17 0.00173 
   28    1    1    1    1    1    1   28    1    1  6.73990E+17 0.00170 
   29    1    1    1    1    1    1   29    1    1  5.78992E+17 0.00166 
   30    1    1    1    1    1    1   30    1    1  4.27717E+17 0.00164 
   31    1    1    1    1    1    1   31    1    1  2.80876E+17 0.00162 
   32    1    1    1    1    1    1   32    1    1  2.07352E+17 0.00166 
   33    1    1    1    1    1    1   33    1    1  1.68360E+17 0.00169 
   34    1    1    1    1    1    1   34    1    1  1.47971E+17 0.00169 
   35    1    1    1    1    1    1   35    1    1  1.37519E+17 0.00171 
   36    1    1    1    1    1    1   36    1    1  1.32544E+17 0.00169 
   37    1    1    1    1    1    1   37    1    1  1.30625E+17 0.00170 
   38    1    1    1    1    1    1   38    1    1  1.29151E+17 0.00170 
   39    1    1    1    1    1    1   39    1    1  1.28037E+17 0.00172 
   40    1    1    1    1    1    1   40    1    1  1.27532E+17 0.00173 
   41    1    1    1    1    1    1   41    1    1  1.26999E+17 0.00172 
   42    1    1    1    1    1    1   42    1    1  1.25948E+17 0.00168 
   43    1    1    1    1    1    1   43    1    1  1.25232E+17 0.00168 
   44    1    1    1    1    1    1   44    1    1  1.24593E+17 0.00168 
   45    1    1    1    1    1    1   45    1    1  1.24029E+17 0.00165 
   46    1    1    1    1    1    1   46    1    1  1.23036E+17 0.00162 
   47    1    1    1    1    1    1   47    1    1  1.22062E+17 0.00164 
   48    1    1    1    1    1    1   48    1    1  1.21318E+17 0.00164 
   49    1    1    1    1    1    1   49    1    1  1.20624E+17 0.00162 
   50    1    1    1    1    1    1   50    1    1  1.19951E+17 0.00161 
   51    1    1    1    1    1    1   51    1    1  1.19495E+17 0.00161 
   52    1    1    1    1    1    1   52    1    1  1.19353E+17 0.00160 
   53    1    1    1    1    1    1   53    1    1  1.18616E+17 0.00159 
   54    1    1    1    1    1    1   54    1    1  1.17758E+17 0.00160 
   55    1    1    1    1    1    1   55    1    1  1.17056E+17 0.00158 
   56    1    1    1    1    1    1   56    1    1  1.16441E+17 0.00159 
   57    1    1    1    1    1    1   57    1    1  1.15538E+17 0.00159 
   58    1    1    1    1    1    1   58    1    1  1.14790E+17 0.00158 
   59    1    1    1    1    1    1   59    1    1  1.14613E+17 0.00157 
   60    1    1    1    1    1    1   60    1    1  1.13881E+17 0.00158 
   61    1    1    1    1    1    1   61    1    1  1.13298E+17 0.00158 
   62    1    1    1    1    1    1   62    1    1  1.12540E+17 0.00157 
   63    1    1    1    1    1    1   63    1    1  1.11653E+17 0.00155 
   64    1    1    1    1    1    1   64    1    1  1.11141E+17 0.00154 
   65    1    1    1    1    1    1   65    1    1  1.10657E+17 0.00153 
   66    1    1    1    1    1    1   66    1    1  1.10424E+17 0.00151 
   67    1    1    1    1    1    1   67    1    1  1.10094E+17 0.00152 
   68    1    1    1    1    1    1   68    1    1  1.09281E+17 0.00150 
   69    1    1    1    1    1    1   69    1    1  1.08867E+17 0.00149 
   70    1    1    1    1    1    1   70    1    1  1.08451E+17 0.00146 
   71    1    1    1    1    1    1   71    1    1  1.08107E+17 0.00146 
   72    1    1    1    1    1    1   72    1    1  1.07383E+17 0.00149 
   73    1    1    1    1    1    1   73    1    1  1.07135E+17 0.00148 
   74    1    1    1    1    1    1   74    1    1  1.06773E+17 0.00146 
   75    1    1    1    1    1    1   75    1    1  1.06268E+17 0.00146 
   76    1    1    1    1    1    1   76    1    1  1.05650E+17 0.00144 
   77    1    1    1    1    1    1   77    1    1  1.05159E+17 0.00145 
   78    1    1    1    1    1    1   78    1    1  1.04604E+17 0.00141 
   79    1    1    1    1    1    1   79    1    1  1.04488E+17 0.00141 
   80    1    1    1    1    1    1   80    1    1  1.04041E+17 0.00139 
   81    1    1    1    1    1    1   81    1    1  1.04015E+17 0.00137 
   82    1    1    1    1    1    1   82    1    1  1.03813E+17 0.00135 
   83    1    1    1    1    1    1   83    1    1  1.03196E+17 0.00133 
   84    1    1    1    1    1    1   84    1    1  1.03025E+17 0.00133 
   85    1    1    1    1    1    1   85    1    1  1.02689E+17 0.00134 
   86    1    1    1    1    1    1   86    1    1  1.02154E+17 0.00134 
   87    1    1    1    1    1    1   87    1    1  1.01766E+17 0.00133 
   88    1    1    1    1    1    1   88    1    1  1.01612E+17 0.00133 
   89    1    1    1    1    1    1   89    1    1  1.01550E+17 0.00133 
   90    1    1    1    1    1    1   90    1    1  1.01252E+17 0.00132 
   91    1    1    1    1    1    1   91    1    1  1.00773E+17 0.00132 
   92    1    1    1    1    1    1   92    1    1  1.00460E+17 0.00131 
   93    1    1    1    1    1    1   93    1    1  1.00282E+17 0.00130 
   94    1    1    1    1    1    1   94    1    1  1.00142E+17 0.00132 
   95    1    1    1    1    1    1   95    1    1  9.99465E+16 0.00133 
   96    1    1    1    1    1    1   96    1    1  1.00137E+17 0.00133 
   97    1    1    1    1    1    1   97    1    1  9.99373E+16 0.00133 
   98    1    1    1    1    1    1   98    1    1  9.95114E+16 0.00131 
   99    1    1    1    1    1    1   99    1    1  9.94146E+16 0.00132 
  100    1    1    1    1    1    1  100    1    1  9.92859E+16 0.00134 
  101    1    1    1    1    1    1  101    1    1  9.87668E+16 0.00133 
  102    1    1    1    1    1    1  102    1    1  9.84158E+16 0.00135 
  103    1    1    1    1    1    1  103    1    1  9.86636E+16 0.00136 
  104    1    1    1    1    1    1  104    1    1  9.85230E+16 0.00136 
  105    1    1    1    1    1    1  105    1    1  9.81637E+16 0.00136 
  106    1    1    1    1    1    1  106    1    1  9.78212E+16 0.00141 
  107    1    1    1    1    1    1  107    1    1  9.75157E+16 0.00140 
  108    1    1    1    1    1    1  108    1    1  9.72586E+16 0.00140 
  109    1    1    1    1    1    1  109    1    1  9.70753E+16 0.00143 
