
DETAxial = [
    1    1    1    1    1    1    1    1    1    1  1.46566E+16 0.00249 
    2    1    1    1    1    1    1    2    1    1  3.34075E+16 0.00247 
    3    1    1    1    1    1    1    3    1    1  5.21689E+16 0.00242 
    4    1    1    1    1    1    1    4    1    1  7.11703E+16 0.00235 
    5    1    1    1    1    1    1    5    1    1  9.05484E+16 0.00228 
    6    1    1    1    1    1    1    6    1    1  1.10499E+17 0.00221 
    7    1    1    1    1    1    1    7    1    1  1.31327E+17 0.00216 
    8    1    1    1    1    1    1    8    1    1  1.52845E+17 0.00209 
    9    1    1    1    1    1    1    9    1    1  1.75175E+17 0.00202 
   10    1    1    1    1    1    1   10    1    1  1.98685E+17 0.00195 
   11    1    1    1    1    1    1   11    1    1  2.22903E+17 0.00189 
   12    1    1    1    1    1    1   12    1    1  2.48568E+17 0.00183 
   13    1    1    1    1    1    1   13    1    1  2.75748E+17 0.00178 
   14    1    1    1    1    1    1   14    1    1  3.04205E+17 0.00173 
   15    1    1    1    1    1    1   15    1    1  3.34323E+17 0.00168 
   16    1    1    1    1    1    1   16    1    1  3.66311E+17 0.00164 
   17    1    1    1    1    1    1   17    1    1  4.00186E+17 0.00160 
   18    1    1    1    1    1    1   18    1    1  4.36307E+17 0.00157 
   19    1    1    1    1    1    1   19    1    1  4.74649E+17 0.00152 
   20    1    1    1    1    1    1   20    1    1  5.14189E+17 0.00149 
   21    1    1    1    1    1    1   21    1    1  5.55300E+17 0.00146 
   22    1    1    1    1    1    1   22    1    1  5.96173E+17 0.00141 
   23    1    1    1    1    1    1   23    1    1  6.35991E+17 0.00138 
   24    1    1    1    1    1    1   24    1    1  6.71560E+17 0.00133 
   25    1    1    1    1    1    1   25    1    1  6.97974E+17 0.00129 
   26    1    1    1    1    1    1   26    1    1  7.09357E+17 0.00127 
   27    1    1    1    1    1    1   27    1    1  6.96884E+17 0.00124 
   28    1    1    1    1    1    1   28    1    1  6.49969E+17 0.00123 
   29    1    1    1    1    1    1   29    1    1  5.57675E+17 0.00120 
   30    1    1    1    1    1    1   30    1    1  4.08986E+17 0.00118 
   31    1    1    1    1    1    1   31    1    1  2.64653E+17 0.00118 
   32    1    1    1    1    1    1   32    1    1  1.94160E+17 0.00118 
   33    1    1    1    1    1    1   33    1    1  1.57544E+17 0.00120 
   34    1    1    1    1    1    1   34    1    1  1.38688E+17 0.00121 
   35    1    1    1    1    1    1   35    1    1  1.29659E+17 0.00121 
   36    1    1    1    1    1    1   36    1    1  1.25323E+17 0.00123 
   37    1    1    1    1    1    1   37    1    1  1.23748E+17 0.00122 
   38    1    1    1    1    1    1   38    1    1  1.22598E+17 0.00120 
   39    1    1    1    1    1    1   39    1    1  1.21722E+17 0.00120 
   40    1    1    1    1    1    1   40    1    1  1.21284E+17 0.00118 
   41    1    1    1    1    1    1   41    1    1  1.20923E+17 0.00118 
   42    1    1    1    1    1    1   42    1    1  1.20054E+17 0.00119 
   43    1    1    1    1    1    1   43    1    1  1.19221E+17 0.00120 
   44    1    1    1    1    1    1   44    1    1  1.18850E+17 0.00118 
   45    1    1    1    1    1    1   45    1    1  1.18277E+17 0.00116 
   46    1    1    1    1    1    1   46    1    1  1.17432E+17 0.00115 
   47    1    1    1    1    1    1   47    1    1  1.16529E+17 0.00115 
   48    1    1    1    1    1    1   48    1    1  1.15701E+17 0.00114 
   49    1    1    1    1    1    1   49    1    1  1.15095E+17 0.00114 
   50    1    1    1    1    1    1   50    1    1  1.14495E+17 0.00114 
   51    1    1    1    1    1    1   51    1    1  1.14165E+17 0.00113 
   52    1    1    1    1    1    1   52    1    1  1.13846E+17 0.00113 
   53    1    1    1    1    1    1   53    1    1  1.13105E+17 0.00112 
   54    1    1    1    1    1    1   54    1    1  1.12369E+17 0.00114 
   55    1    1    1    1    1    1   55    1    1  1.11769E+17 0.00112 
   56    1    1    1    1    1    1   56    1    1  1.11100E+17 0.00111 
   57    1    1    1    1    1    1   57    1    1  1.10181E+17 0.00110 
   58    1    1    1    1    1    1   58    1    1  1.09532E+17 0.00110 
   59    1    1    1    1    1    1   59    1    1  1.09280E+17 0.00109 
   60    1    1    1    1    1    1   60    1    1  1.08772E+17 0.00109 
   61    1    1    1    1    1    1   61    1    1  1.08032E+17 0.00108 
   62    1    1    1    1    1    1   62    1    1  1.07300E+17 0.00109 
   63    1    1    1    1    1    1   63    1    1  1.06652E+17 0.00109 
   64    1    1    1    1    1    1   64    1    1  1.06332E+17 0.00108 
   65    1    1    1    1    1    1   65    1    1  1.05995E+17 0.00108 
   66    1    1    1    1    1    1   66    1    1  1.05870E+17 0.00108 
   67    1    1    1    1    1    1   67    1    1  1.05582E+17 0.00107 
   68    1    1    1    1    1    1   68    1    1  1.04952E+17 0.00106 
   69    1    1    1    1    1    1   69    1    1  1.04354E+17 0.00105 
   70    1    1    1    1    1    1   70    1    1  1.03924E+17 0.00106 
   71    1    1    1    1    1    1   71    1    1  1.03516E+17 0.00107 
   72    1    1    1    1    1    1   72    1    1  1.02919E+17 0.00106 
   73    1    1    1    1    1    1   73    1    1  1.02507E+17 0.00106 
   74    1    1    1    1    1    1   74    1    1  1.02337E+17 0.00104 
   75    1    1    1    1    1    1   75    1    1  1.01855E+17 0.00103 
   76    1    1    1    1    1    1   76    1    1  1.01286E+17 0.00103 
   77    1    1    1    1    1    1   77    1    1  1.00928E+17 0.00102 
   78    1    1    1    1    1    1   78    1    1  1.00452E+17 0.00101 
   79    1    1    1    1    1    1   79    1    1  1.00330E+17 0.00102 
   80    1    1    1    1    1    1   80    1    1  1.00098E+17 0.00103 
   81    1    1    1    1    1    1   81    1    1  9.99572E+16 0.00101 
   82    1    1    1    1    1    1   82    1    1  9.98039E+16 0.00101 
   83    1    1    1    1    1    1   83    1    1  9.93557E+16 0.00101 
   84    1    1    1    1    1    1   84    1    1  9.90741E+16 0.00102 
   85    1    1    1    1    1    1   85    1    1  9.88607E+16 0.00104 
   86    1    1    1    1    1    1   86    1    1  9.83948E+16 0.00101 
   87    1    1    1    1    1    1   87    1    1  9.79727E+16 0.00099 
   88    1    1    1    1    1    1   88    1    1  9.77876E+16 0.00100 
   89    1    1    1    1    1    1   89    1    1  9.75680E+16 0.00100 
   90    1    1    1    1    1    1   90    1    1  9.71691E+16 0.00101 
   91    1    1    1    1    1    1   91    1    1  9.67952E+16 0.00099 
   92    1    1    1    1    1    1   92    1    1  9.64913E+16 0.00100 
   93    1    1    1    1    1    1   93    1    1  9.61432E+16 0.00101 
   94    1    1    1    1    1    1   94    1    1  9.61658E+16 0.00102 
   95    1    1    1    1    1    1   95    1    1  9.61539E+16 0.00103 
   96    1    1    1    1    1    1   96    1    1  9.61702E+16 0.00101 
   97    1    1    1    1    1    1   97    1    1  9.60620E+16 0.00101 
   98    1    1    1    1    1    1   98    1    1  9.57462E+16 0.00102 
   99    1    1    1    1    1    1   99    1    1  9.54854E+16 0.00102 
  100    1    1    1    1    1    1  100    1    1  9.55013E+16 0.00102 
  101    1    1    1    1    1    1  101    1    1  9.50844E+16 0.00102 
  102    1    1    1    1    1    1  102    1    1  9.46410E+16 0.00101 
  103    1    1    1    1    1    1  103    1    1  9.48248E+16 0.00100 
  104    1    1    1    1    1    1  104    1    1  9.48857E+16 0.00100 
  105    1    1    1    1    1    1  105    1    1  9.47540E+16 0.00101 
  106    1    1    1    1    1    1  106    1    1  9.43945E+16 0.00100 
  107    1    1    1    1    1    1  107    1    1  9.41450E+16 0.00102 
  108    1    1    1    1    1    1  108    1    1  9.40463E+16 0.00099 
  109    1    1    1    1    1    1  109    1    1  9.40774E+16 0.00100 
