
DETAxial = [
    1    1    1    1    1    1    1    1    1    1  4.54761E+15 0.00413 
    2    1    1    1    1    1    1    2    1    1  1.03750E+16 0.00410 
    3    1    1    1    1    1    1    3    1    1  1.61916E+16 0.00400 
    4    1    1    1    1    1    1    4    1    1  2.20989E+16 0.00387 
    5    1    1    1    1    1    1    5    1    1  2.80922E+16 0.00374 
    6    1    1    1    1    1    1    6    1    1  3.43290E+16 0.00366 
    7    1    1    1    1    1    1    7    1    1  4.07783E+16 0.00363 
    8    1    1    1    1    1    1    8    1    1  4.73225E+16 0.00354 
    9    1    1    1    1    1    1    9    1    1  5.41605E+16 0.00344 
   10    1    1    1    1    1    1   10    1    1  6.14087E+16 0.00332 
   11    1    1    1    1    1    1   11    1    1  6.90526E+16 0.00326 
   12    1    1    1    1    1    1   12    1    1  7.69849E+16 0.00314 
   13    1    1    1    1    1    1   13    1    1  8.52574E+16 0.00304 
   14    1    1    1    1    1    1   14    1    1  9.41605E+16 0.00297 
   15    1    1    1    1    1    1   15    1    1  1.03467E+17 0.00289 
   16    1    1    1    1    1    1   16    1    1  1.13402E+17 0.00281 
   17    1    1    1    1    1    1   17    1    1  1.23845E+17 0.00274 
   18    1    1    1    1    1    1   18    1    1  1.34978E+17 0.00269 
   19    1    1    1    1    1    1   19    1    1  1.46683E+17 0.00264 
   20    1    1    1    1    1    1   20    1    1  1.58942E+17 0.00257 
   21    1    1    1    1    1    1   21    1    1  1.71797E+17 0.00252 
   22    1    1    1    1    1    1   22    1    1  1.84365E+17 0.00247 
   23    1    1    1    1    1    1   23    1    1  1.96817E+17 0.00243 
   24    1    1    1    1    1    1   24    1    1  2.07932E+17 0.00239 
   25    1    1    1    1    1    1   25    1    1  2.16627E+17 0.00234 
   26    1    1    1    1    1    1   26    1    1  2.20926E+17 0.00230 
   27    1    1    1    1    1    1   27    1    1  2.18229E+17 0.00226 
   28    1    1    1    1    1    1   28    1    1  2.04858E+17 0.00224 
   29    1    1    1    1    1    1   29    1    1  1.78046E+17 0.00224 
   30    1    1    1    1    1    1   30    1    1  1.33820E+17 0.00220 
   31    1    1    1    1    1    1   31    1    1  9.16673E+16 0.00219 
   32    1    1    1    1    1    1   32    1    1  7.40040E+16 0.00217 
   33    1    1    1    1    1    1   33    1    1  6.46342E+16 0.00216 
   34    1    1    1    1    1    1   34    1    1  6.03011E+16 0.00219 
   35    1    1    1    1    1    1   35    1    1  5.85410E+16 0.00218 
   36    1    1    1    1    1    1   36    1    1  5.83011E+16 0.00217 
   37    1    1    1    1    1    1   37    1    1  5.87729E+16 0.00215 
   38    1    1    1    1    1    1   38    1    1  5.94303E+16 0.00213 
   39    1    1    1    1    1    1   39    1    1  6.00825E+16 0.00213 
   40    1    1    1    1    1    1   40    1    1  6.09533E+16 0.00212 
   41    1    1    1    1    1    1   41    1    1  6.18956E+16 0.00208 
   42    1    1    1    1    1    1   42    1    1  6.25709E+16 0.00207 
   43    1    1    1    1    1    1   43    1    1  6.28124E+16 0.00204 
   44    1    1    1    1    1    1   44    1    1  6.25799E+16 0.00204 
   45    1    1    1    1    1    1   45    1    1  6.15769E+16 0.00201 
   46    1    1    1    1    1    1   46    1    1  6.24180E+16 0.00200 
   47    1    1    1    1    1    1   47    1    1  6.50782E+16 0.00198 
   48    1    1    1    1    1    1   48    1    1  6.69520E+16 0.00195 
   49    1    1    1    1    1    1   49    1    1  6.84985E+16 0.00192 
   50    1    1    1    1    1    1   50    1    1  6.99191E+16 0.00191 
   51    1    1    1    1    1    1   51    1    1  7.10170E+16 0.00189 
   52    1    1    1    1    1    1   52    1    1  7.20513E+16 0.00188 
   53    1    1    1    1    1    1   53    1    1  7.29133E+16 0.00185 
   54    1    1    1    1    1    1   54    1    1  7.34839E+16 0.00183 
   55    1    1    1    1    1    1   55    1    1  7.41913E+16 0.00180 
   56    1    1    1    1    1    1   56    1    1  7.50678E+16 0.00179 
   57    1    1    1    1    1    1   57    1    1  7.55325E+16 0.00177 
   58    1    1    1    1    1    1   58    1    1  7.54899E+16 0.00177 
   59    1    1    1    1    1    1   59    1    1  7.47350E+16 0.00176 
   60    1    1    1    1    1    1   60    1    1  7.32077E+16 0.00173 
   61    1    1    1    1    1    1   61    1    1  7.49607E+16 0.00170 
   62    1    1    1    1    1    1   62    1    1  7.76874E+16 0.00170 
   63    1    1    1    1    1    1   63    1    1  7.96423E+16 0.00168 
   64    1    1    1    1    1    1   64    1    1  8.13791E+16 0.00165 
   65    1    1    1    1    1    1   65    1    1  8.26900E+16 0.00162 
   66    1    1    1    1    1    1   66    1    1  8.39054E+16 0.00162 
   67    1    1    1    1    1    1   67    1    1  8.48796E+16 0.00158 
   68    1    1    1    1    1    1   68    1    1  8.54864E+16 0.00158 
   69    1    1    1    1    1    1   69    1    1  8.60228E+16 0.00155 
   70    1    1    1    1    1    1   70    1    1  8.67629E+16 0.00153 
   71    1    1    1    1    1    1   71    1    1  8.74375E+16 0.00150 
   72    1    1    1    1    1    1   72    1    1  8.74812E+16 0.00149 
   73    1    1    1    1    1    1   73    1    1  8.72609E+16 0.00146 
   74    1    1    1    1    1    1   74    1    1  8.58107E+16 0.00142 
   75    1    1    1    1    1    1   75    1    1  8.41536E+16 0.00138 
   76    1    1    1    1    1    1   76    1    1  8.68659E+16 0.00137 
   77    1    1    1    1    1    1   77    1    1  8.95899E+16 0.00135 
   78    1    1    1    1    1    1   78    1    1  9.17224E+16 0.00131 
   79    1    1    1    1    1    1   79    1    1  9.33786E+16 0.00131 
   80    1    1    1    1    1    1   80    1    1  9.46543E+16 0.00129 
   81    1    1    1    1    1    1   81    1    1  9.56934E+16 0.00128 
   82    1    1    1    1    1    1   82    1    1  9.66471E+16 0.00124 
   83    1    1    1    1    1    1   83    1    1  9.72708E+16 0.00122 
   84    1    1    1    1    1    1   84    1    1  9.76528E+16 0.00120 
   85    1    1    1    1    1    1   85    1    1  9.84342E+16 0.00116 
   86    1    1    1    1    1    1   86    1    1  9.88952E+16 0.00116 
   87    1    1    1    1    1    1   87    1    1  9.88550E+16 0.00114 
   88    1    1    1    1    1    1   88    1    1  9.81139E+16 0.00112 
   89    1    1    1    1    1    1   89    1    1  9.61832E+16 0.00111 
   90    1    1    1    1    1    1   90    1    1  9.48825E+16 0.00109 
   91    1    1    1    1    1    1   91    1    1  9.85597E+16 0.00108 
   92    1    1    1    1    1    1   92    1    1  1.01135E+17 0.00106 
   93    1    1    1    1    1    1   93    1    1  1.03164E+17 0.00103 
   94    1    1    1    1    1    1   94    1    1  1.04779E+17 0.00102 
   95    1    1    1    1    1    1   95    1    1  1.06010E+17 0.00101 
   96    1    1    1    1    1    1   96    1    1  1.06994E+17 0.00099 
   97    1    1    1    1    1    1   97    1    1  1.07730E+17 0.00096 
   98    1    1    1    1    1    1   98    1    1  1.08118E+17 0.00094 
   99    1    1    1    1    1    1   99    1    1  1.08500E+17 0.00093 
  100    1    1    1    1    1    1  100    1    1  1.09215E+17 0.00091 
  101    1    1    1    1    1    1  101    1    1  1.09645E+17 0.00090 
  102    1    1    1    1    1    1  102    1    1  1.09332E+17 0.00087 
  103    1    1    1    1    1    1  103    1    1  1.08155E+17 0.00088 
  104    1    1    1    1    1    1  104    1    1  1.05687E+17 0.00087 
  105    1    1    1    1    1    1  105    1    1  1.05443E+17 0.00088 
  106    1    1    1    1    1    1  106    1    1  1.09207E+17 0.00086 
  107    1    1    1    1    1    1  107    1    1  1.11811E+17 0.00083 
  108    1    1    1    1    1    1  108    1    1  1.13787E+17 0.00083 
  109    1    1    1    1    1    1  109    1    1  1.15442E+17 0.00082 
