
DETAxial = [
    1    1    1    1    1    1    1    1    1    1  7.41746E+15 0.00362 
    2    1    1    1    1    1    1    2    1    1  1.69246E+16 0.00361 
    3    1    1    1    1    1    1    3    1    1  2.63723E+16 0.00346 
    4    1    1    1    1    1    1    4    1    1  3.59505E+16 0.00336 
    5    1    1    1    1    1    1    5    1    1  4.59111E+16 0.00328 
    6    1    1    1    1    1    1    6    1    1  5.61335E+16 0.00316 
    7    1    1    1    1    1    1    7    1    1  6.68423E+16 0.00301 
    8    1    1    1    1    1    1    8    1    1  7.78148E+16 0.00292 
    9    1    1    1    1    1    1    9    1    1  8.94098E+16 0.00283 
   10    1    1    1    1    1    1   10    1    1  1.01547E+17 0.00272 
   11    1    1    1    1    1    1   11    1    1  1.14318E+17 0.00260 
   12    1    1    1    1    1    1   12    1    1  1.28115E+17 0.00252 
   13    1    1    1    1    1    1   13    1    1  1.42515E+17 0.00242 
   14    1    1    1    1    1    1   14    1    1  1.57878E+17 0.00233 
   15    1    1    1    1    1    1   15    1    1  1.74232E+17 0.00225 
   16    1    1    1    1    1    1   16    1    1  1.91662E+17 0.00219 
   17    1    1    1    1    1    1   17    1    1  2.10373E+17 0.00211 
   18    1    1    1    1    1    1   18    1    1  2.30386E+17 0.00204 
   19    1    1    1    1    1    1   19    1    1  2.51547E+17 0.00196 
   20    1    1    1    1    1    1   20    1    1  2.73776E+17 0.00189 
   21    1    1    1    1    1    1   21    1    1  2.97045E+17 0.00182 
   22    1    1    1    1    1    1   22    1    1  3.20430E+17 0.00176 
   23    1    1    1    1    1    1   23    1    1  3.43550E+17 0.00169 
   24    1    1    1    1    1    1   24    1    1  3.64794E+17 0.00163 
   25    1    1    1    1    1    1   25    1    1  3.81324E+17 0.00158 
   26    1    1    1    1    1    1   26    1    1  3.90254E+17 0.00152 
   27    1    1    1    1    1    1   27    1    1  3.86854E+17 0.00145 
   28    1    1    1    1    1    1   28    1    1  3.65114E+17 0.00141 
   29    1    1    1    1    1    1   29    1    1  3.18284E+17 0.00136 
   30    1    1    1    1    1    1   30    1    1  2.40340E+17 0.00132 
   31    1    1    1    1    1    1   31    1    1  1.63377E+17 0.00132 
   32    1    1    1    1    1    1   32    1    1  1.25275E+17 0.00133 
   33    1    1    1    1    1    1   33    1    1  1.05704E+17 0.00137 
   34    1    1    1    1    1    1   34    1    1  9.61627E+16 0.00136 
   35    1    1    1    1    1    1   35    1    1  9.21278E+16 0.00137 
   36    1    1    1    1    1    1   36    1    1  9.09081E+16 0.00135 
   37    1    1    1    1    1    1   37    1    1  9.10750E+16 0.00136 
   38    1    1    1    1    1    1   38    1    1  9.13658E+16 0.00134 
   39    1    1    1    1    1    1   39    1    1  9.17183E+16 0.00133 
   40    1    1    1    1    1    1   40    1    1  9.24669E+16 0.00132 
   41    1    1    1    1    1    1   41    1    1  9.32152E+16 0.00131 
   42    1    1    1    1    1    1   42    1    1  9.34988E+16 0.00127 
   43    1    1    1    1    1    1   43    1    1  9.39098E+16 0.00125 
   44    1    1    1    1    1    1   44    1    1  9.47553E+16 0.00125 
   45    1    1    1    1    1    1   45    1    1  9.51760E+16 0.00124 
   46    1    1    1    1    1    1   46    1    1  9.55784E+16 0.00123 
   47    1    1    1    1    1    1   47    1    1  9.57199E+16 0.00123 
   48    1    1    1    1    1    1   48    1    1  9.60357E+16 0.00123 
   49    1    1    1    1    1    1   49    1    1  9.66200E+16 0.00121 
   50    1    1    1    1    1    1   50    1    1  9.70010E+16 0.00120 
   51    1    1    1    1    1    1   51    1    1  9.75586E+16 0.00119 
   52    1    1    1    1    1    1   52    1    1  9.82169E+16 0.00115 
   53    1    1    1    1    1    1   53    1    1  9.85404E+16 0.00116 
   54    1    1    1    1    1    1   54    1    1  9.88847E+16 0.00116 
   55    1    1    1    1    1    1   55    1    1  9.93635E+16 0.00114 
   56    1    1    1    1    1    1   56    1    1  9.97166E+16 0.00112 
   57    1    1    1    1    1    1   57    1    1  9.96894E+16 0.00109 
   58    1    1    1    1    1    1   58    1    1  1.00059E+17 0.00109 
   59    1    1    1    1    1    1   59    1    1  1.00752E+17 0.00109 
   60    1    1    1    1    1    1   60    1    1  1.00994E+17 0.00108 
   61    1    1    1    1    1    1   61    1    1  1.01111E+17 0.00109 
   62    1    1    1    1    1    1   62    1    1  1.01227E+17 0.00108 
   63    1    1    1    1    1    1   63    1    1  1.01368E+17 0.00105 
   64    1    1    1    1    1    1   64    1    1  1.01804E+17 0.00107 
   65    1    1    1    1    1    1   65    1    1  1.02039E+17 0.00105 
   66    1    1    1    1    1    1   66    1    1  1.02735E+17 0.00106 
   67    1    1    1    1    1    1   67    1    1  1.03333E+17 0.00103 
   68    1    1    1    1    1    1   68    1    1  1.03493E+17 0.00105 
   69    1    1    1    1    1    1   69    1    1  1.03762E+17 0.00104 
   70    1    1    1    1    1    1   70    1    1  1.04062E+17 0.00102 
   71    1    1    1    1    1    1   71    1    1  1.04216E+17 0.00101 
   72    1    1    1    1    1    1   72    1    1  1.04204E+17 0.00100 
   73    1    1    1    1    1    1   73    1    1  1.04618E+17 0.00099 
   74    1    1    1    1    1    1   74    1    1  1.05258E+17 0.00100 
   75    1    1    1    1    1    1   75    1    1  1.05529E+17 0.00099 
   76    1    1    1    1    1    1   76    1    1  1.05502E+17 0.00100 
   77    1    1    1    1    1    1   77    1    1  1.05558E+17 0.00100 
   78    1    1    1    1    1    1   78    1    1  1.05545E+17 0.00100 
   79    1    1    1    1    1    1   79    1    1  1.05964E+17 0.00099 
   80    1    1    1    1    1    1   80    1    1  1.06219E+17 0.00100 
   81    1    1    1    1    1    1   81    1    1  1.06952E+17 0.00100 
   82    1    1    1    1    1    1   82    1    1  1.07316E+17 0.00099 
   83    1    1    1    1    1    1   83    1    1  1.07104E+17 0.00099 
   84    1    1    1    1    1    1   84    1    1  1.07225E+17 0.00098 
   85    1    1    1    1    1    1   85    1    1  1.07452E+17 0.00098 
   86    1    1    1    1    1    1   86    1    1  1.07441E+17 0.00100 
   87    1    1    1    1    1    1   87    1    1  1.07358E+17 0.00102 
   88    1    1    1    1    1    1   88    1    1  1.07766E+17 0.00100 
   89    1    1    1    1    1    1   89    1    1  1.08205E+17 0.00102 
   90    1    1    1    1    1    1   90    1    1  1.08217E+17 0.00101 
   91    1    1    1    1    1    1   91    1    1  1.07860E+17 0.00100 
   92    1    1    1    1    1    1   92    1    1  1.07900E+17 0.00101 
   93    1    1    1    1    1    1   93    1    1  1.07964E+17 0.00101 
   94    1    1    1    1    1    1   94    1    1  1.08261E+17 0.00100 
   95    1    1    1    1    1    1   95    1    1  1.08319E+17 0.00101 
   96    1    1    1    1    1    1   96    1    1  1.08812E+17 0.00099 
   97    1    1    1    1    1    1   97    1    1  1.08869E+17 0.00099 
   98    1    1    1    1    1    1   98    1    1  1.08601E+17 0.00102 
   99    1    1    1    1    1    1   99    1    1  1.08734E+17 0.00100 
  100    1    1    1    1    1    1  100    1    1  1.08811E+17 0.00100 
  101    1    1    1    1    1    1  101    1    1  1.08507E+17 0.00099 
  102    1    1    1    1    1    1  102    1    1  1.08276E+17 0.00098 
  103    1    1    1    1    1    1  103    1    1  1.08509E+17 0.00100 
  104    1    1    1    1    1    1  104    1    1  1.08584E+17 0.00101 
  105    1    1    1    1    1    1  105    1    1  1.08384E+17 0.00099 
  106    1    1    1    1    1    1  106    1    1  1.08111E+17 0.00098 
  107    1    1    1    1    1    1  107    1    1  1.07978E+17 0.00098 
  108    1    1    1    1    1    1  108    1    1  1.07933E+17 0.00099 
  109    1    1    1    1    1    1  109    1    1  1.07966E+17 0.00101 
