
DETAxial = [
    1    1    1    1    1    1    1    1    1    1  1.14092E+16 0.00387 
    2    1    1    1    1    1    1    2    1    1  2.60237E+16 0.00378 
    3    1    1    1    1    1    1    3    1    1  4.06636E+16 0.00365 
    4    1    1    1    1    1    1    4    1    1  5.55058E+16 0.00354 
    5    1    1    1    1    1    1    5    1    1  7.06895E+16 0.00345 
    6    1    1    1    1    1    1    6    1    1  8.63690E+16 0.00340 
    7    1    1    1    1    1    1    7    1    1  1.02537E+17 0.00329 
    8    1    1    1    1    1    1    8    1    1  1.19195E+17 0.00317 
    9    1    1    1    1    1    1    9    1    1  1.36879E+17 0.00307 
   10    1    1    1    1    1    1   10    1    1  1.55050E+17 0.00293 
   11    1    1    1    1    1    1   11    1    1  1.73876E+17 0.00287 
   12    1    1    1    1    1    1   12    1    1  1.94020E+17 0.00279 
   13    1    1    1    1    1    1   13    1    1  2.15202E+17 0.00270 
   14    1    1    1    1    1    1   14    1    1  2.37600E+17 0.00261 
   15    1    1    1    1    1    1   15    1    1  2.60951E+17 0.00252 
   16    1    1    1    1    1    1   16    1    1  2.85910E+17 0.00244 
   17    1    1    1    1    1    1   17    1    1  3.12649E+17 0.00236 
   18    1    1    1    1    1    1   18    1    1  3.41315E+17 0.00227 
   19    1    1    1    1    1    1   19    1    1  3.70667E+17 0.00222 
   20    1    1    1    1    1    1   20    1    1  4.01099E+17 0.00216 
   21    1    1    1    1    1    1   21    1    1  4.33001E+17 0.00209 
   22    1    1    1    1    1    1   22    1    1  4.65439E+17 0.00201 
   23    1    1    1    1    1    1   23    1    1  4.96874E+17 0.00195 
   24    1    1    1    1    1    1   24    1    1  5.25442E+17 0.00188 
   25    1    1    1    1    1    1   25    1    1  5.47038E+17 0.00182 
   26    1    1    1    1    1    1   26    1    1  5.56756E+17 0.00177 
   27    1    1    1    1    1    1   27    1    1  5.48972E+17 0.00172 
   28    1    1    1    1    1    1   28    1    1  5.15742E+17 0.00168 
   29    1    1    1    1    1    1   29    1    1  4.48259E+17 0.00164 
   30    1    1    1    1    1    1   30    1    1  3.37803E+17 0.00160 
   31    1    1    1    1    1    1   31    1    1  2.28612E+17 0.00158 
   32    1    1    1    1    1    1   32    1    1  1.73540E+17 0.00158 
   33    1    1    1    1    1    1   33    1    1  1.44069E+17 0.00160 
   34    1    1    1    1    1    1   34    1    1  1.28740E+17 0.00165 
   35    1    1    1    1    1    1   35    1    1  1.21549E+17 0.00163 
   36    1    1    1    1    1    1   36    1    1  1.18044E+17 0.00162 
   37    1    1    1    1    1    1   37    1    1  1.17195E+17 0.00162 
   38    1    1    1    1    1    1   38    1    1  1.16249E+17 0.00161 
   39    1    1    1    1    1    1   39    1    1  1.15817E+17 0.00160 
   40    1    1    1    1    1    1   40    1    1  1.15893E+17 0.00159 
   41    1    1    1    1    1    1   41    1    1  1.15899E+17 0.00158 
   42    1    1    1    1    1    1   42    1    1  1.15621E+17 0.00160 
   43    1    1    1    1    1    1   43    1    1  1.15355E+17 0.00159 
   44    1    1    1    1    1    1   44    1    1  1.15571E+17 0.00158 
   45    1    1    1    1    1    1   45    1    1  1.15356E+17 0.00154 
   46    1    1    1    1    1    1   46    1    1  1.15057E+17 0.00156 
   47    1    1    1    1    1    1   47    1    1  1.14560E+17 0.00155 
   48    1    1    1    1    1    1   48    1    1  1.14402E+17 0.00156 
   49    1    1    1    1    1    1   49    1    1  1.14087E+17 0.00153 
   50    1    1    1    1    1    1   50    1    1  1.13849E+17 0.00151 
   51    1    1    1    1    1    1   51    1    1  1.13825E+17 0.00147 
   52    1    1    1    1    1    1   52    1    1  1.14036E+17 0.00146 
   53    1    1    1    1    1    1   53    1    1  1.13587E+17 0.00148 
   54    1    1    1    1    1    1   54    1    1  1.13223E+17 0.00150 
   55    1    1    1    1    1    1   55    1    1  1.13064E+17 0.00149 
   56    1    1    1    1    1    1   56    1    1  1.12887E+17 0.00146 
   57    1    1    1    1    1    1   57    1    1  1.12512E+17 0.00147 
   58    1    1    1    1    1    1   58    1    1  1.12231E+17 0.00148 
   59    1    1    1    1    1    1   59    1    1  1.12336E+17 0.00148 
   60    1    1    1    1    1    1   60    1    1  1.12034E+17 0.00147 
   61    1    1    1    1    1    1   61    1    1  1.11477E+17 0.00147 
   62    1    1    1    1    1    1   62    1    1  1.11389E+17 0.00145 
   63    1    1    1    1    1    1   63    1    1  1.10888E+17 0.00144 
   64    1    1    1    1    1    1   64    1    1  1.10974E+17 0.00146 
   65    1    1    1    1    1    1   65    1    1  1.10764E+17 0.00140 
   66    1    1    1    1    1    1   66    1    1  1.10880E+17 0.00140 
   67    1    1    1    1    1    1   67    1    1  1.10839E+17 0.00138 
   68    1    1    1    1    1    1   68    1    1  1.10429E+17 0.00139 
   69    1    1    1    1    1    1   69    1    1  1.10127E+17 0.00140 
   70    1    1    1    1    1    1   70    1    1  1.10028E+17 0.00137 
   71    1    1    1    1    1    1   71    1    1  1.09814E+17 0.00137 
   72    1    1    1    1    1    1   72    1    1  1.09147E+17 0.00137 
   73    1    1    1    1    1    1   73    1    1  1.08953E+17 0.00134 
   74    1    1    1    1    1    1   74    1    1  1.09226E+17 0.00137 
   75    1    1    1    1    1    1   75    1    1  1.08748E+17 0.00135 
   76    1    1    1    1    1    1   76    1    1  1.08343E+17 0.00134 
   77    1    1    1    1    1    1   77    1    1  1.07873E+17 0.00135 
   78    1    1    1    1    1    1   78    1    1  1.07629E+17 0.00133 
   79    1    1    1    1    1    1   79    1    1  1.07767E+17 0.00132 
   80    1    1    1    1    1    1   80    1    1  1.07657E+17 0.00130 
   81    1    1    1    1    1    1   81    1    1  1.07760E+17 0.00133 
   82    1    1    1    1    1    1   82    1    1  1.07690E+17 0.00131 
   83    1    1    1    1    1    1   83    1    1  1.07443E+17 0.00132 
   84    1    1    1    1    1    1   84    1    1  1.07401E+17 0.00133 
   85    1    1    1    1    1    1   85    1    1  1.07443E+17 0.00132 
   86    1    1    1    1    1    1   86    1    1  1.06830E+17 0.00133 
   87    1    1    1    1    1    1   87    1    1  1.06453E+17 0.00132 
   88    1    1    1    1    1    1   88    1    1  1.06685E+17 0.00130 
   89    1    1    1    1    1    1   89    1    1  1.06760E+17 0.00128 
   90    1    1    1    1    1    1   90    1    1  1.06747E+17 0.00127 
   91    1    1    1    1    1    1   91    1    1  1.06357E+17 0.00128 
   92    1    1    1    1    1    1   92    1    1  1.05801E+17 0.00128 
   93    1    1    1    1    1    1   93    1    1  1.05712E+17 0.00131 
   94    1    1    1    1    1    1   94    1    1  1.05672E+17 0.00133 
   95    1    1    1    1    1    1   95    1    1  1.05627E+17 0.00127 
   96    1    1    1    1    1    1   96    1    1  1.05938E+17 0.00125 
   97    1    1    1    1    1    1   97    1    1  1.05879E+17 0.00130 
   98    1    1    1    1    1    1   98    1    1  1.05421E+17 0.00132 
   99    1    1    1    1    1    1   99    1    1  1.05167E+17 0.00131 
  100    1    1    1    1    1    1  100    1    1  1.05418E+17 0.00128 
  101    1    1    1    1    1    1  101    1    1  1.04874E+17 0.00128 
  102    1    1    1    1    1    1  102    1    1  1.04461E+17 0.00129 
  103    1    1    1    1    1    1  103    1    1  1.04670E+17 0.00128 
  104    1    1    1    1    1    1  104    1    1  1.04718E+17 0.00129 
  105    1    1    1    1    1    1  105    1    1  1.04317E+17 0.00128 
  106    1    1    1    1    1    1  106    1    1  1.03989E+17 0.00126 
  107    1    1    1    1    1    1  107    1    1  1.03686E+17 0.00127 
  108    1    1    1    1    1    1  108    1    1  1.03608E+17 0.00128 
  109    1    1    1    1    1    1  109    1    1  1.03722E+17 0.00128 
