
DETAxial = [
    1    1    1    1    1    1    1    1    1    1  9.53902E+15 0.00381 
    2    1    1    1    1    1    1    2    1    1  2.17824E+16 0.00381 
    3    1    1    1    1    1    1    3    1    1  3.40348E+16 0.00372 
    4    1    1    1    1    1    1    4    1    1  4.65611E+16 0.00360 
    5    1    1    1    1    1    1    5    1    1  5.92651E+16 0.00351 
    6    1    1    1    1    1    1    6    1    1  7.23347E+16 0.00337 
    7    1    1    1    1    1    1    7    1    1  8.57997E+16 0.00326 
    8    1    1    1    1    1    1    8    1    1  9.96660E+16 0.00311 
    9    1    1    1    1    1    1    9    1    1  1.14210E+17 0.00300 
   10    1    1    1    1    1    1   10    1    1  1.29394E+17 0.00288 
   11    1    1    1    1    1    1   11    1    1  1.45438E+17 0.00277 
   12    1    1    1    1    1    1   12    1    1  1.62169E+17 0.00268 
   13    1    1    1    1    1    1   13    1    1  1.79792E+17 0.00260 
   14    1    1    1    1    1    1   14    1    1  1.98551E+17 0.00251 
   15    1    1    1    1    1    1   15    1    1  2.17978E+17 0.00243 
   16    1    1    1    1    1    1   16    1    1  2.38950E+17 0.00235 
   17    1    1    1    1    1    1   17    1    1  2.61048E+17 0.00226 
   18    1    1    1    1    1    1   18    1    1  2.84739E+17 0.00218 
   19    1    1    1    1    1    1   19    1    1  3.09612E+17 0.00211 
   20    1    1    1    1    1    1   20    1    1  3.35682E+17 0.00205 
   21    1    1    1    1    1    1   21    1    1  3.62710E+17 0.00197 
   22    1    1    1    1    1    1   22    1    1  3.89959E+17 0.00189 
   23    1    1    1    1    1    1   23    1    1  4.16467E+17 0.00182 
   24    1    1    1    1    1    1   24    1    1  4.40092E+17 0.00176 
   25    1    1    1    1    1    1   25    1    1  4.59061E+17 0.00171 
   26    1    1    1    1    1    1   26    1    1  4.68206E+17 0.00166 
   27    1    1    1    1    1    1   27    1    1  4.62842E+17 0.00160 
   28    1    1    1    1    1    1   28    1    1  4.36366E+17 0.00154 
   29    1    1    1    1    1    1   29    1    1  3.81878E+17 0.00150 
   30    1    1    1    1    1    1   30    1    1  2.92164E+17 0.00143 
   31    1    1    1    1    1    1   31    1    1  2.02775E+17 0.00142 
   32    1    1    1    1    1    1   32    1    1  1.56900E+17 0.00143 
   33    1    1    1    1    1    1   33    1    1  1.31978E+17 0.00145 
   34    1    1    1    1    1    1   34    1    1  1.19111E+17 0.00147 
   35    1    1    1    1    1    1   35    1    1  1.12719E+17 0.00151 
   36    1    1    1    1    1    1   36    1    1  1.10026E+17 0.00148 
   37    1    1    1    1    1    1   37    1    1  1.09338E+17 0.00145 
   38    1    1    1    1    1    1   38    1    1  1.09132E+17 0.00145 
   39    1    1    1    1    1    1   39    1    1  1.09038E+17 0.00145 
   40    1    1    1    1    1    1   40    1    1  1.09344E+17 0.00142 
   41    1    1    1    1    1    1   41    1    1  1.09421E+17 0.00143 
   42    1    1    1    1    1    1   42    1    1  1.09452E+17 0.00142 
   43    1    1    1    1    1    1   43    1    1  1.09284E+17 0.00143 
   44    1    1    1    1    1    1   44    1    1  1.09622E+17 0.00142 
   45    1    1    1    1    1    1   45    1    1  1.09769E+17 0.00138 
   46    1    1    1    1    1    1   46    1    1  1.09602E+17 0.00138 
   47    1    1    1    1    1    1   47    1    1  1.09502E+17 0.00137 
   48    1    1    1    1    1    1   48    1    1  1.09488E+17 0.00139 
   49    1    1    1    1    1    1   49    1    1  1.09572E+17 0.00139 
   50    1    1    1    1    1    1   50    1    1  1.09741E+17 0.00137 
   51    1    1    1    1    1    1   51    1    1  1.10067E+17 0.00135 
   52    1    1    1    1    1    1   52    1    1  1.10552E+17 0.00136 
   53    1    1    1    1    1    1   53    1    1  1.10575E+17 0.00137 
   54    1    1    1    1    1    1   54    1    1  1.10549E+17 0.00136 
   55    1    1    1    1    1    1   55    1    1  1.10791E+17 0.00135 
   56    1    1    1    1    1    1   56    1    1  1.10940E+17 0.00139 
   57    1    1    1    1    1    1   57    1    1  1.10753E+17 0.00138 
   58    1    1    1    1    1    1   58    1    1  1.10710E+17 0.00139 
   59    1    1    1    1    1    1   59    1    1  1.11043E+17 0.00136 
   60    1    1    1    1    1    1   60    1    1  1.10942E+17 0.00136 
   61    1    1    1    1    1    1   61    1    1  1.10875E+17 0.00138 
   62    1    1    1    1    1    1   62    1    1  1.10518E+17 0.00138 
   63    1    1    1    1    1    1   63    1    1  1.10427E+17 0.00137 
   64    1    1    1    1    1    1   64    1    1  1.10667E+17 0.00136 
   65    1    1    1    1    1    1   65    1    1  1.10476E+17 0.00136 
   66    1    1    1    1    1    1   66    1    1  1.10965E+17 0.00135 
   67    1    1    1    1    1    1   67    1    1  1.11356E+17 0.00136 
   68    1    1    1    1    1    1   68    1    1  1.11151E+17 0.00136 
   69    1    1    1    1    1    1   69    1    1  1.11044E+17 0.00135 
   70    1    1    1    1    1    1   70    1    1  1.11244E+17 0.00133 
   71    1    1    1    1    1    1   71    1    1  1.11203E+17 0.00133 
   72    1    1    1    1    1    1   72    1    1  1.10825E+17 0.00134 
   73    1    1    1    1    1    1   73    1    1  1.11047E+17 0.00133 
   74    1    1    1    1    1    1   74    1    1  1.11410E+17 0.00133 
   75    1    1    1    1    1    1   75    1    1  1.11091E+17 0.00133 
   76    1    1    1    1    1    1   76    1    1  1.10831E+17 0.00131 
   77    1    1    1    1    1    1   77    1    1  1.10635E+17 0.00133 
   78    1    1    1    1    1    1   78    1    1  1.10503E+17 0.00130 
   79    1    1    1    1    1    1   79    1    1  1.10479E+17 0.00130 
   80    1    1    1    1    1    1   80    1    1  1.10495E+17 0.00129 
   81    1    1    1    1    1    1   81    1    1  1.11090E+17 0.00132 
   82    1    1    1    1    1    1   82    1    1  1.11335E+17 0.00130 
   83    1    1    1    1    1    1   83    1    1  1.10974E+17 0.00130 
   84    1    1    1    1    1    1   84    1    1  1.10972E+17 0.00129 
   85    1    1    1    1    1    1   85    1    1  1.11025E+17 0.00131 
   86    1    1    1    1    1    1   86    1    1  1.10876E+17 0.00128 
   87    1    1    1    1    1    1   87    1    1  1.10675E+17 0.00129 
   88    1    1    1    1    1    1   88    1    1  1.10832E+17 0.00127 
   89    1    1    1    1    1    1   89    1    1  1.10968E+17 0.00126 
   90    1    1    1    1    1    1   90    1    1  1.10750E+17 0.00125 
   91    1    1    1    1    1    1   91    1    1  1.10553E+17 0.00126 
   92    1    1    1    1    1    1   92    1    1  1.10468E+17 0.00127 
   93    1    1    1    1    1    1   93    1    1  1.10288E+17 0.00128 
   94    1    1    1    1    1    1   94    1    1  1.10291E+17 0.00128 
   95    1    1    1    1    1    1   95    1    1  1.10311E+17 0.00129 
   96    1    1    1    1    1    1   96    1    1  1.10649E+17 0.00128 
   97    1    1    1    1    1    1   97    1    1  1.10691E+17 0.00128 
   98    1    1    1    1    1    1   98    1    1  1.10321E+17 0.00127 
   99    1    1    1    1    1    1   99    1    1  1.10314E+17 0.00125 
  100    1    1    1    1    1    1  100    1    1  1.10341E+17 0.00129 
  101    1    1    1    1    1    1  101    1    1  1.09907E+17 0.00128 
  102    1    1    1    1    1    1  102    1    1  1.09732E+17 0.00127 
  103    1    1    1    1    1    1  103    1    1  1.10070E+17 0.00123 
  104    1    1    1    1    1    1  104    1    1  1.10033E+17 0.00125 
  105    1    1    1    1    1    1  105    1    1  1.09741E+17 0.00124 
  106    1    1    1    1    1    1  106    1    1  1.09468E+17 0.00124 
  107    1    1    1    1    1    1  107    1    1  1.09218E+17 0.00124 
  108    1    1    1    1    1    1  108    1    1  1.09144E+17 0.00123 
  109    1    1    1    1    1    1  109    1    1  1.09305E+17 0.00124 
