
DETAxial = [
    1    1    1    1    1    1    1    1    1    1  1.11984E+16 0.00416 
    2    1    1    1    1    1    1    2    1    1  2.54433E+16 0.00408 
    3    1    1    1    1    1    1    3    1    1  3.98421E+16 0.00391 
    4    1    1    1    1    1    1    4    1    1  5.43194E+16 0.00384 
    5    1    1    1    1    1    1    5    1    1  6.92551E+16 0.00373 
    6    1    1    1    1    1    1    6    1    1  8.48854E+16 0.00359 
    7    1    1    1    1    1    1    7    1    1  1.00750E+17 0.00346 
    8    1    1    1    1    1    1    8    1    1  1.17577E+17 0.00333 
    9    1    1    1    1    1    1    9    1    1  1.35130E+17 0.00321 
   10    1    1    1    1    1    1   10    1    1  1.53571E+17 0.00310 
   11    1    1    1    1    1    1   11    1    1  1.72871E+17 0.00299 
   12    1    1    1    1    1    1   12    1    1  1.93218E+17 0.00288 
   13    1    1    1    1    1    1   13    1    1  2.15010E+17 0.00281 
   14    1    1    1    1    1    1   14    1    1  2.38382E+17 0.00273 
   15    1    1    1    1    1    1   15    1    1  2.62649E+17 0.00267 
   16    1    1    1    1    1    1   16    1    1  2.88350E+17 0.00259 
   17    1    1    1    1    1    1   17    1    1  3.16035E+17 0.00251 
   18    1    1    1    1    1    1   18    1    1  3.45489E+17 0.00242 
   19    1    1    1    1    1    1   19    1    1  3.77543E+17 0.00233 
   20    1    1    1    1    1    1   20    1    1  4.11258E+17 0.00226 
   21    1    1    1    1    1    1   21    1    1  4.45657E+17 0.00221 
   22    1    1    1    1    1    1   22    1    1  4.80948E+17 0.00215 
   23    1    1    1    1    1    1   23    1    1  5.14768E+17 0.00209 
   24    1    1    1    1    1    1   24    1    1  5.45717E+17 0.00204 
   25    1    1    1    1    1    1   25    1    1  5.70171E+17 0.00198 
   26    1    1    1    1    1    1   26    1    1  5.81381E+17 0.00195 
   27    1    1    1    1    1    1   27    1    1  5.71930E+17 0.00190 
   28    1    1    1    1    1    1   28    1    1  5.33798E+17 0.00186 
   29    1    1    1    1    1    1   29    1    1  4.56469E+17 0.00180 
   30    1    1    1    1    1    1   30    1    1  3.31750E+17 0.00177 
   31    1    1    1    1    1    1   31    1    1  2.10156E+17 0.00174 
   32    1    1    1    1    1    1   32    1    1  1.53263E+17 0.00175 
   33    1    1    1    1    1    1   33    1    1  1.25146E+17 0.00180 
   34    1    1    1    1    1    1   34    1    1  1.11637E+17 0.00184 
   35    1    1    1    1    1    1   35    1    1  1.05419E+17 0.00181 
   36    1    1    1    1    1    1   36    1    1  1.02962E+17 0.00181 
   37    1    1    1    1    1    1   37    1    1  1.02518E+17 0.00178 
   38    1    1    1    1    1    1   38    1    1  1.02264E+17 0.00178 
   39    1    1    1    1    1    1   39    1    1  1.02094E+17 0.00179 
   40    1    1    1    1    1    1   40    1    1  1.02109E+17 0.00177 
   41    1    1    1    1    1    1   41    1    1  1.02161E+17 0.00177 
   42    1    1    1    1    1    1   42    1    1  1.01915E+17 0.00173 
   43    1    1    1    1    1    1   43    1    1  1.01550E+17 0.00172 
   44    1    1    1    1    1    1   44    1    1  1.01594E+17 0.00170 
   45    1    1    1    1    1    1   45    1    1  1.01448E+17 0.00169 
   46    1    1    1    1    1    1   46    1    1  1.01040E+17 0.00166 
   47    1    1    1    1    1    1   47    1    1  1.00729E+17 0.00168 
   48    1    1    1    1    1    1   48    1    1  1.00468E+17 0.00165 
   49    1    1    1    1    1    1   49    1    1  1.00318E+17 0.00164 
   50    1    1    1    1    1    1   50    1    1  1.00262E+17 0.00163 
   51    1    1    1    1    1    1   51    1    1  1.00284E+17 0.00159 
   52    1    1    1    1    1    1   52    1    1  1.00474E+17 0.00158 
   53    1    1    1    1    1    1   53    1    1  1.00243E+17 0.00159 
   54    1    1    1    1    1    1   54    1    1  1.00018E+17 0.00157 
   55    1    1    1    1    1    1   55    1    1  1.00208E+17 0.00161 
   56    1    1    1    1    1    1   56    1    1  1.00246E+17 0.00161 
   57    1    1    1    1    1    1   57    1    1  9.97995E+16 0.00164 
   58    1    1    1    1    1    1   58    1    1  9.95667E+16 0.00159 
   59    1    1    1    1    1    1   59    1    1  9.97772E+16 0.00159 
   60    1    1    1    1    1    1   60    1    1  9.93863E+16 0.00161 
   61    1    1    1    1    1    1   61    1    1  9.89784E+16 0.00161 
   62    1    1    1    1    1    1   62    1    1  9.88433E+16 0.00158 
   63    1    1    1    1    1    1   63    1    1  9.84973E+16 0.00155 
   64    1    1    1    1    1    1   64    1    1  9.86583E+16 0.00158 
   65    1    1    1    1    1    1   65    1    1  9.84914E+16 0.00154 
   66    1    1    1    1    1    1   66    1    1  9.88262E+16 0.00159 
   67    1    1    1    1    1    1   67    1    1  9.89677E+16 0.00156 
   68    1    1    1    1    1    1   68    1    1  9.84945E+16 0.00153 
   69    1    1    1    1    1    1   69    1    1  9.82841E+16 0.00152 
   70    1    1    1    1    1    1   70    1    1  9.81811E+16 0.00155 
   71    1    1    1    1    1    1   71    1    1  9.80617E+16 0.00152 
   72    1    1    1    1    1    1   72    1    1  9.75850E+16 0.00150 
   73    1    1    1    1    1    1   73    1    1  9.76572E+16 0.00150 
   74    1    1    1    1    1    1   74    1    1  9.77754E+16 0.00150 
   75    1    1    1    1    1    1   75    1    1  9.78288E+16 0.00148 
   76    1    1    1    1    1    1   76    1    1  9.73015E+16 0.00146 
   77    1    1    1    1    1    1   77    1    1  9.71196E+16 0.00145 
   78    1    1    1    1    1    1   78    1    1  9.69554E+16 0.00144 
   79    1    1    1    1    1    1   79    1    1  9.67911E+16 0.00146 
   80    1    1    1    1    1    1   80    1    1  9.67483E+16 0.00143 
   81    1    1    1    1    1    1   81    1    1  9.70156E+16 0.00142 
   82    1    1    1    1    1    1   82    1    1  9.69604E+16 0.00140 
   83    1    1    1    1    1    1   83    1    1  9.66729E+16 0.00145 
   84    1    1    1    1    1    1   84    1    1  9.66307E+16 0.00144 
   85    1    1    1    1    1    1   85    1    1  9.67591E+16 0.00144 
   86    1    1    1    1    1    1   86    1    1  9.65833E+16 0.00145 
   87    1    1    1    1    1    1   87    1    1  9.63660E+16 0.00145 
   88    1    1    1    1    1    1   88    1    1  9.62074E+16 0.00142 
   89    1    1    1    1    1    1   89    1    1  9.64274E+16 0.00137 
   90    1    1    1    1    1    1   90    1    1  9.60798E+16 0.00139 
   91    1    1    1    1    1    1   91    1    1  9.58010E+16 0.00142 
   92    1    1    1    1    1    1   92    1    1  9.55093E+16 0.00141 
   93    1    1    1    1    1    1   93    1    1  9.55485E+16 0.00142 
   94    1    1    1    1    1    1   94    1    1  9.55334E+16 0.00142 
   95    1    1    1    1    1    1   95    1    1  9.54060E+16 0.00142 
   96    1    1    1    1    1    1   96    1    1  9.58282E+16 0.00146 
   97    1    1    1    1    1    1   97    1    1  9.59870E+16 0.00146 
   98    1    1    1    1    1    1   98    1    1  9.57229E+16 0.00146 
   99    1    1    1    1    1    1   99    1    1  9.57603E+16 0.00146 
  100    1    1    1    1    1    1  100    1    1  9.58810E+16 0.00141 
  101    1    1    1    1    1    1  101    1    1  9.55296E+16 0.00141 
  102    1    1    1    1    1    1  102    1    1  9.51736E+16 0.00143 
  103    1    1    1    1    1    1  103    1    1  9.54855E+16 0.00145 
  104    1    1    1    1    1    1  104    1    1  9.54595E+16 0.00142 
  105    1    1    1    1    1    1  105    1    1  9.52547E+16 0.00146 
  106    1    1    1    1    1    1  106    1    1  9.49589E+16 0.00142 
  107    1    1    1    1    1    1  107    1    1  9.48990E+16 0.00142 
  108    1    1    1    1    1    1  108    1    1  9.46145E+16 0.00140 
  109    1    1    1    1    1    1  109    1    1  9.48365E+16 0.00141 
