
DETAxial = [
    1    1    1    1    1    1    1    1    1    1  1.47904E+16 0.00391 
    2    1    1    1    1    1    1    2    1    1  3.36182E+16 0.00379 
    3    1    1    1    1    1    1    3    1    1  5.25272E+16 0.00369 
    4    1    1    1    1    1    1    4    1    1  7.17397E+16 0.00357 
    5    1    1    1    1    1    1    5    1    1  9.12846E+16 0.00348 
    6    1    1    1    1    1    1    6    1    1  1.11468E+17 0.00338 
    7    1    1    1    1    1    1    7    1    1  1.32315E+17 0.00327 
    8    1    1    1    1    1    1    8    1    1  1.53975E+17 0.00314 
    9    1    1    1    1    1    1    9    1    1  1.76571E+17 0.00309 
   10    1    1    1    1    1    1   10    1    1  2.00011E+17 0.00300 
   11    1    1    1    1    1    1   11    1    1  2.24620E+17 0.00294 
   12    1    1    1    1    1    1   12    1    1  2.50412E+17 0.00288 
   13    1    1    1    1    1    1   13    1    1  2.77794E+17 0.00282 
   14    1    1    1    1    1    1   14    1    1  3.06424E+17 0.00271 
   15    1    1    1    1    1    1   15    1    1  3.36701E+17 0.00264 
   16    1    1    1    1    1    1   16    1    1  3.69139E+17 0.00259 
   17    1    1    1    1    1    1   17    1    1  4.03761E+17 0.00252 
   18    1    1    1    1    1    1   18    1    1  4.40120E+17 0.00242 
   19    1    1    1    1    1    1   19    1    1  4.78180E+17 0.00235 
   20    1    1    1    1    1    1   20    1    1  5.17886E+17 0.00230 
   21    1    1    1    1    1    1   21    1    1  5.59147E+17 0.00225 
   22    1    1    1    1    1    1   22    1    1  6.00114E+17 0.00221 
   23    1    1    1    1    1    1   23    1    1  6.40362E+17 0.00219 
   24    1    1    1    1    1    1   24    1    1  6.75703E+17 0.00213 
   25    1    1    1    1    1    1   25    1    1  7.02350E+17 0.00209 
   26    1    1    1    1    1    1   26    1    1  7.14373E+17 0.00208 
   27    1    1    1    1    1    1   27    1    1  7.01266E+17 0.00206 
   28    1    1    1    1    1    1   28    1    1  6.54192E+17 0.00203 
   29    1    1    1    1    1    1   29    1    1  5.61141E+17 0.00202 
   30    1    1    1    1    1    1   30    1    1  4.11958E+17 0.00199 
   31    1    1    1    1    1    1   31    1    1  2.66644E+17 0.00200 
   32    1    1    1    1    1    1   32    1    1  1.95612E+17 0.00201 
   33    1    1    1    1    1    1   33    1    1  1.58876E+17 0.00203 
   34    1    1    1    1    1    1   34    1    1  1.40026E+17 0.00203 
   35    1    1    1    1    1    1   35    1    1  1.30599E+17 0.00201 
   36    1    1    1    1    1    1   36    1    1  1.26274E+17 0.00203 
   37    1    1    1    1    1    1   37    1    1  1.24517E+17 0.00200 
   38    1    1    1    1    1    1   38    1    1  1.23438E+17 0.00198 
   39    1    1    1    1    1    1   39    1    1  1.22815E+17 0.00198 
   40    1    1    1    1    1    1   40    1    1  1.22350E+17 0.00196 
   41    1    1    1    1    1    1   41    1    1  1.22024E+17 0.00195 
   42    1    1    1    1    1    1   42    1    1  1.21127E+17 0.00197 
   43    1    1    1    1    1    1   43    1    1  1.20289E+17 0.00196 
   44    1    1    1    1    1    1   44    1    1  1.19828E+17 0.00193 
   45    1    1    1    1    1    1   45    1    1  1.19153E+17 0.00188 
   46    1    1    1    1    1    1   46    1    1  1.18407E+17 0.00186 
   47    1    1    1    1    1    1   47    1    1  1.17490E+17 0.00186 
   48    1    1    1    1    1    1   48    1    1  1.16896E+17 0.00184 
   49    1    1    1    1    1    1   49    1    1  1.16280E+17 0.00185 
   50    1    1    1    1    1    1   50    1    1  1.15590E+17 0.00183 
   51    1    1    1    1    1    1   51    1    1  1.15196E+17 0.00182 
   52    1    1    1    1    1    1   52    1    1  1.14960E+17 0.00184 
   53    1    1    1    1    1    1   53    1    1  1.14229E+17 0.00184 
   54    1    1    1    1    1    1   54    1    1  1.13710E+17 0.00181 
   55    1    1    1    1    1    1   55    1    1  1.13318E+17 0.00179 
   56    1    1    1    1    1    1   56    1    1  1.12655E+17 0.00176 
   57    1    1    1    1    1    1   57    1    1  1.11561E+17 0.00174 
   58    1    1    1    1    1    1   58    1    1  1.11061E+17 0.00172 
   59    1    1    1    1    1    1   59    1    1  1.10894E+17 0.00172 
   60    1    1    1    1    1    1   60    1    1  1.10285E+17 0.00171 
   61    1    1    1    1    1    1   61    1    1  1.09600E+17 0.00167 
   62    1    1    1    1    1    1   62    1    1  1.08801E+17 0.00168 
   63    1    1    1    1    1    1   63    1    1  1.08428E+17 0.00168 
   64    1    1    1    1    1    1   64    1    1  1.08153E+17 0.00169 
   65    1    1    1    1    1    1   65    1    1  1.07651E+17 0.00169 
   66    1    1    1    1    1    1   66    1    1  1.07606E+17 0.00167 
   67    1    1    1    1    1    1   67    1    1  1.07276E+17 0.00165 
   68    1    1    1    1    1    1   68    1    1  1.06728E+17 0.00163 
   69    1    1    1    1    1    1   69    1    1  1.06326E+17 0.00165 
   70    1    1    1    1    1    1   70    1    1  1.06002E+17 0.00161 
   71    1    1    1    1    1    1   71    1    1  1.05547E+17 0.00158 
   72    1    1    1    1    1    1   72    1    1  1.04688E+17 0.00160 
   73    1    1    1    1    1    1   73    1    1  1.04558E+17 0.00160 
   74    1    1    1    1    1    1   74    1    1  1.04182E+17 0.00162 
   75    1    1    1    1    1    1   75    1    1  1.03644E+17 0.00159 
   76    1    1    1    1    1    1   76    1    1  1.03044E+17 0.00159 
   77    1    1    1    1    1    1   77    1    1  1.02673E+17 0.00160 
   78    1    1    1    1    1    1   78    1    1  1.02288E+17 0.00155 
   79    1    1    1    1    1    1   79    1    1  1.02127E+17 0.00154 
   80    1    1    1    1    1    1   80    1    1  1.01587E+17 0.00153 
   81    1    1    1    1    1    1   81    1    1  1.02002E+17 0.00152 
   82    1    1    1    1    1    1   82    1    1  1.01822E+17 0.00152 
   83    1    1    1    1    1    1   83    1    1  1.01297E+17 0.00151 
   84    1    1    1    1    1    1   84    1    1  1.00894E+17 0.00151 
   85    1    1    1    1    1    1   85    1    1  1.00663E+17 0.00149 
   86    1    1    1    1    1    1   86    1    1  1.00236E+17 0.00151 
   87    1    1    1    1    1    1   87    1    1  9.96391E+16 0.00154 
   88    1    1    1    1    1    1   88    1    1  9.95385E+16 0.00151 
   89    1    1    1    1    1    1   89    1    1  9.94858E+16 0.00152 
   90    1    1    1    1    1    1   90    1    1  9.92381E+16 0.00148 
   91    1    1    1    1    1    1   91    1    1  9.87190E+16 0.00149 
   92    1    1    1    1    1    1   92    1    1  9.84828E+16 0.00148 
   93    1    1    1    1    1    1   93    1    1  9.83864E+16 0.00150 
   94    1    1    1    1    1    1   94    1    1  9.82031E+16 0.00148 
   95    1    1    1    1    1    1   95    1    1  9.80895E+16 0.00149 
   96    1    1    1    1    1    1   96    1    1  9.81588E+16 0.00147 
   97    1    1    1    1    1    1   97    1    1  9.79424E+16 0.00147 
   98    1    1    1    1    1    1   98    1    1  9.75262E+16 0.00148 
   99    1    1    1    1    1    1   99    1    1  9.72973E+16 0.00147 
  100    1    1    1    1    1    1  100    1    1  9.73730E+16 0.00146 
  101    1    1    1    1    1    1  101    1    1  9.68371E+16 0.00145 
  102    1    1    1    1    1    1  102    1    1  9.65678E+16 0.00148 
  103    1    1    1    1    1    1  103    1    1  9.65124E+16 0.00150 
  104    1    1    1    1    1    1  104    1    1  9.65082E+16 0.00154 
  105    1    1    1    1    1    1  105    1    1  9.61662E+16 0.00154 
  106    1    1    1    1    1    1  106    1    1  9.57281E+16 0.00150 
  107    1    1    1    1    1    1  107    1    1  9.55893E+16 0.00154 
  108    1    1    1    1    1    1  108    1    1  9.54106E+16 0.00157 
  109    1    1    1    1    1    1  109    1    1  9.55153E+16 0.00160 
