
DETAxial = [
    1    1    1    1    1    1    1    1    1    1  6.37653E+15 0.00412 
    2    1    1    1    1    1    1    2    1    1  1.45715E+16 0.00397 
    3    1    1    1    1    1    1    3    1    1  2.27779E+16 0.00388 
    4    1    1    1    1    1    1    4    1    1  3.11243E+16 0.00370 
    5    1    1    1    1    1    1    5    1    1  3.97653E+16 0.00351 
    6    1    1    1    1    1    1    6    1    1  4.85881E+16 0.00335 
    7    1    1    1    1    1    1    7    1    1  5.78405E+16 0.00320 
    8    1    1    1    1    1    1    8    1    1  6.77311E+16 0.00311 
    9    1    1    1    1    1    1    9    1    1  7.78900E+16 0.00299 
   10    1    1    1    1    1    1   10    1    1  8.86097E+16 0.00290 
   11    1    1    1    1    1    1   11    1    1  1.00066E+17 0.00281 
   12    1    1    1    1    1    1   12    1    1  1.12191E+17 0.00270 
   13    1    1    1    1    1    1   13    1    1  1.25100E+17 0.00260 
   14    1    1    1    1    1    1   14    1    1  1.38879E+17 0.00253 
   15    1    1    1    1    1    1   15    1    1  1.53745E+17 0.00245 
   16    1    1    1    1    1    1   16    1    1  1.70005E+17 0.00236 
   17    1    1    1    1    1    1   17    1    1  1.87047E+17 0.00227 
   18    1    1    1    1    1    1   18    1    1  2.05228E+17 0.00218 
   19    1    1    1    1    1    1   19    1    1  2.24971E+17 0.00210 
   20    1    1    1    1    1    1   20    1    1  2.45894E+17 0.00203 
   21    1    1    1    1    1    1   21    1    1  2.67586E+17 0.00198 
   22    1    1    1    1    1    1   22    1    1  2.89898E+17 0.00191 
   23    1    1    1    1    1    1   23    1    1  3.11763E+17 0.00182 
   24    1    1    1    1    1    1   24    1    1  3.31835E+17 0.00177 
   25    1    1    1    1    1    1   25    1    1  3.48464E+17 0.00172 
   26    1    1    1    1    1    1   26    1    1  3.57407E+17 0.00166 
   27    1    1    1    1    1    1   27    1    1  3.54629E+17 0.00163 
   28    1    1    1    1    1    1   28    1    1  3.34754E+17 0.00158 
   29    1    1    1    1    1    1   29    1    1  2.91298E+17 0.00153 
   30    1    1    1    1    1    1   30    1    1  2.18089E+17 0.00149 
   31    1    1    1    1    1    1   31    1    1  1.46118E+17 0.00147 
   32    1    1    1    1    1    1   32    1    1  1.11636E+17 0.00147 
   33    1    1    1    1    1    1   33    1    1  9.44765E+16 0.00150 
   34    1    1    1    1    1    1   34    1    1  8.66477E+16 0.00148 
   35    1    1    1    1    1    1   35    1    1  8.37526E+16 0.00147 
   36    1    1    1    1    1    1   36    1    1  8.30992E+16 0.00150 
   37    1    1    1    1    1    1   37    1    1  8.38785E+16 0.00150 
   38    1    1    1    1    1    1   38    1    1  8.46061E+16 0.00146 
   39    1    1    1    1    1    1   39    1    1  8.52799E+16 0.00144 
   40    1    1    1    1    1    1   40    1    1  8.62363E+16 0.00141 
   41    1    1    1    1    1    1   41    1    1  8.71472E+16 0.00139 
   42    1    1    1    1    1    1   42    1    1  8.76352E+16 0.00137 
   43    1    1    1    1    1    1   43    1    1  8.82324E+16 0.00136 
   44    1    1    1    1    1    1   44    1    1  8.93394E+16 0.00137 
   45    1    1    1    1    1    1   45    1    1  9.00210E+16 0.00136 
   46    1    1    1    1    1    1   46    1    1  9.03416E+16 0.00136 
   47    1    1    1    1    1    1   47    1    1  9.07370E+16 0.00135 
   48    1    1    1    1    1    1   48    1    1  9.12651E+16 0.00131 
   49    1    1    1    1    1    1   49    1    1  9.20371E+16 0.00132 
   50    1    1    1    1    1    1   50    1    1  9.28344E+16 0.00129 
   51    1    1    1    1    1    1   51    1    1  9.35323E+16 0.00127 
   52    1    1    1    1    1    1   52    1    1  9.45456E+16 0.00128 
   53    1    1    1    1    1    1   53    1    1  9.49972E+16 0.00128 
   54    1    1    1    1    1    1   54    1    1  9.54908E+16 0.00125 
   55    1    1    1    1    1    1   55    1    1  9.58876E+16 0.00126 
   56    1    1    1    1    1    1   56    1    1  9.65151E+16 0.00127 
   57    1    1    1    1    1    1   57    1    1  9.65784E+16 0.00125 
   58    1    1    1    1    1    1   58    1    1  9.69270E+16 0.00121 
   59    1    1    1    1    1    1   59    1    1  9.77719E+16 0.00121 
   60    1    1    1    1    1    1   60    1    1  9.80385E+16 0.00119 
   61    1    1    1    1    1    1   61    1    1  9.82764E+16 0.00118 
   62    1    1    1    1    1    1   62    1    1  9.86284E+16 0.00119 
   63    1    1    1    1    1    1   63    1    1  9.88754E+16 0.00119 
   64    1    1    1    1    1    1   64    1    1  9.94408E+16 0.00119 
   65    1    1    1    1    1    1   65    1    1  9.97875E+16 0.00117 
   66    1    1    1    1    1    1   66    1    1  1.00705E+17 0.00115 
   67    1    1    1    1    1    1   67    1    1  1.01303E+17 0.00115 
   68    1    1    1    1    1    1   68    1    1  1.01476E+17 0.00116 
   69    1    1    1    1    1    1   69    1    1  1.01562E+17 0.00116 
   70    1    1    1    1    1    1   70    1    1  1.02025E+17 0.00113 
   71    1    1    1    1    1    1   71    1    1  1.02176E+17 0.00113 
   72    1    1    1    1    1    1   72    1    1  1.02400E+17 0.00110 
   73    1    1    1    1    1    1   73    1    1  1.02772E+17 0.00109 
   74    1    1    1    1    1    1   74    1    1  1.03279E+17 0.00113 
   75    1    1    1    1    1    1   75    1    1  1.03485E+17 0.00114 
   76    1    1    1    1    1    1   76    1    1  1.03585E+17 0.00110 
   77    1    1    1    1    1    1   77    1    1  1.03533E+17 0.00110 
   78    1    1    1    1    1    1   78    1    1  1.03625E+17 0.00114 
   79    1    1    1    1    1    1   79    1    1  1.03950E+17 0.00111 
   80    1    1    1    1    1    1   80    1    1  1.04244E+17 0.00109 
   81    1    1    1    1    1    1   81    1    1  1.04937E+17 0.00109 
   82    1    1    1    1    1    1   82    1    1  1.05326E+17 0.00109 
   83    1    1    1    1    1    1   83    1    1  1.05150E+17 0.00108 
   84    1    1    1    1    1    1   84    1    1  1.05290E+17 0.00108 
   85    1    1    1    1    1    1   85    1    1  1.05652E+17 0.00108 
   86    1    1    1    1    1    1   86    1    1  1.05652E+17 0.00107 
   87    1    1    1    1    1    1   87    1    1  1.05475E+17 0.00106 
   88    1    1    1    1    1    1   88    1    1  1.05942E+17 0.00104 
   89    1    1    1    1    1    1   89    1    1  1.06123E+17 0.00106 
   90    1    1    1    1    1    1   90    1    1  1.06147E+17 0.00106 
   91    1    1    1    1    1    1   91    1    1  1.05943E+17 0.00105 
   92    1    1    1    1    1    1   92    1    1  1.05922E+17 0.00106 
   93    1    1    1    1    1    1   93    1    1  1.05767E+17 0.00101 
   94    1    1    1    1    1    1   94    1    1  1.06007E+17 0.00105 
   95    1    1    1    1    1    1   95    1    1  1.06228E+17 0.00105 
   96    1    1    1    1    1    1   96    1    1  1.06675E+17 0.00104 
   97    1    1    1    1    1    1   97    1    1  1.06864E+17 0.00104 
   98    1    1    1    1    1    1   98    1    1  1.06651E+17 0.00105 
   99    1    1    1    1    1    1   99    1    1  1.06677E+17 0.00103 
  100    1    1    1    1    1    1  100    1    1  1.06802E+17 0.00107 
  101    1    1    1    1    1    1  101    1    1  1.06467E+17 0.00108 
  102    1    1    1    1    1    1  102    1    1  1.06194E+17 0.00105 
  103    1    1    1    1    1    1  103    1    1  1.06506E+17 0.00106 
  104    1    1    1    1    1    1  104    1    1  1.06669E+17 0.00106 
  105    1    1    1    1    1    1  105    1    1  1.06325E+17 0.00105 
  106    1    1    1    1    1    1  106    1    1  1.05937E+17 0.00105 
  107    1    1    1    1    1    1  107    1    1  1.05709E+17 0.00105 
  108    1    1    1    1    1    1  108    1    1  1.05639E+17 0.00105 
  109    1    1    1    1    1    1  109    1    1  1.05716E+17 0.00105 
