
DETAxial = [
    1    1    1    1    1    1    1    1    1    1  1.04674E+16 0.00336 
    2    1    1    1    1    1    1    2    1    1  2.37809E+16 0.00328 
    3    1    1    1    1    1    1    3    1    1  3.70917E+16 0.00317 
    4    1    1    1    1    1    1    4    1    1  5.05346E+16 0.00309 
    5    1    1    1    1    1    1    5    1    1  6.43630E+16 0.00301 
    6    1    1    1    1    1    1    6    1    1  7.84429E+16 0.00294 
    7    1    1    1    1    1    1    7    1    1  9.28468E+16 0.00287 
    8    1    1    1    1    1    1    8    1    1  1.07557E+17 0.00275 
    9    1    1    1    1    1    1    9    1    1  1.23197E+17 0.00265 
   10    1    1    1    1    1    1   10    1    1  1.39281E+17 0.00258 
   11    1    1    1    1    1    1   11    1    1  1.56082E+17 0.00251 
   12    1    1    1    1    1    1   12    1    1  1.73669E+17 0.00244 
   13    1    1    1    1    1    1   13    1    1  1.92377E+17 0.00237 
   14    1    1    1    1    1    1   14    1    1  2.12025E+17 0.00229 
   15    1    1    1    1    1    1   15    1    1  2.32634E+17 0.00222 
   16    1    1    1    1    1    1   16    1    1  2.54341E+17 0.00216 
   17    1    1    1    1    1    1   17    1    1  2.77654E+17 0.00208 
   18    1    1    1    1    1    1   18    1    1  3.02188E+17 0.00200 
   19    1    1    1    1    1    1   19    1    1  3.27799E+17 0.00194 
   20    1    1    1    1    1    1   20    1    1  3.54582E+17 0.00188 
   21    1    1    1    1    1    1   21    1    1  3.82043E+17 0.00181 
   22    1    1    1    1    1    1   22    1    1  4.09304E+17 0.00173 
   23    1    1    1    1    1    1   23    1    1  4.35676E+17 0.00167 
   24    1    1    1    1    1    1   24    1    1  4.59980E+17 0.00163 
   25    1    1    1    1    1    1   25    1    1  4.78593E+17 0.00160 
   26    1    1    1    1    1    1   26    1    1  4.87617E+17 0.00154 
   27    1    1    1    1    1    1   27    1    1  4.81969E+17 0.00149 
   28    1    1    1    1    1    1   28    1    1  4.55301E+17 0.00145 
   29    1    1    1    1    1    1   29    1    1  3.99427E+17 0.00140 
   30    1    1    1    1    1    1   30    1    1  3.07708E+17 0.00135 
   31    1    1    1    1    1    1   31    1    1  2.16754E+17 0.00134 
   32    1    1    1    1    1    1   32    1    1  1.68915E+17 0.00133 
   33    1    1    1    1    1    1   33    1    1  1.42309E+17 0.00136 
   34    1    1    1    1    1    1   34    1    1  1.27919E+17 0.00135 
   35    1    1    1    1    1    1   35    1    1  1.20548E+17 0.00137 
   36    1    1    1    1    1    1   36    1    1  1.17304E+17 0.00137 
   37    1    1    1    1    1    1   37    1    1  1.16059E+17 0.00132 
   38    1    1    1    1    1    1   38    1    1  1.15588E+17 0.00134 
   39    1    1    1    1    1    1   39    1    1  1.15474E+17 0.00133 
   40    1    1    1    1    1    1   40    1    1  1.15760E+17 0.00134 
   41    1    1    1    1    1    1   41    1    1  1.16045E+17 0.00131 
   42    1    1    1    1    1    1   42    1    1  1.15654E+17 0.00130 
   43    1    1    1    1    1    1   43    1    1  1.15554E+17 0.00130 
   44    1    1    1    1    1    1   44    1    1  1.16064E+17 0.00131 
   45    1    1    1    1    1    1   45    1    1  1.16113E+17 0.00129 
   46    1    1    1    1    1    1   46    1    1  1.15982E+17 0.00129 
   47    1    1    1    1    1    1   47    1    1  1.15736E+17 0.00127 
   48    1    1    1    1    1    1   48    1    1  1.15557E+17 0.00123 
   49    1    1    1    1    1    1   49    1    1  1.15359E+17 0.00123 
   50    1    1    1    1    1    1   50    1    1  1.15526E+17 0.00126 
   51    1    1    1    1    1    1   51    1    1  1.15724E+17 0.00126 
   52    1    1    1    1    1    1   52    1    1  1.15993E+17 0.00125 
   53    1    1    1    1    1    1   53    1    1  1.15964E+17 0.00124 
   54    1    1    1    1    1    1   54    1    1  1.15693E+17 0.00123 
   55    1    1    1    1    1    1   55    1    1  1.15636E+17 0.00124 
   56    1    1    1    1    1    1   56    1    1  1.15753E+17 0.00123 
   57    1    1    1    1    1    1   57    1    1  1.15395E+17 0.00122 
   58    1    1    1    1    1    1   58    1    1  1.15107E+17 0.00121 
   59    1    1    1    1    1    1   59    1    1  1.15298E+17 0.00120 
   60    1    1    1    1    1    1   60    1    1  1.15214E+17 0.00119 
   61    1    1    1    1    1    1   61    1    1  1.14920E+17 0.00117 
   62    1    1    1    1    1    1   62    1    1  1.14748E+17 0.00117 
   63    1    1    1    1    1    1   63    1    1  1.14538E+17 0.00116 
   64    1    1    1    1    1    1   64    1    1  1.14467E+17 0.00118 
   65    1    1    1    1    1    1   65    1    1  1.14722E+17 0.00117 
   66    1    1    1    1    1    1   66    1    1  1.15125E+17 0.00116 
   67    1    1    1    1    1    1   67    1    1  1.15234E+17 0.00115 
   68    1    1    1    1    1    1   68    1    1  1.14965E+17 0.00115 
   69    1    1    1    1    1    1   69    1    1  1.14739E+17 0.00114 
   70    1    1    1    1    1    1   70    1    1  1.14775E+17 0.00114 
   71    1    1    1    1    1    1   71    1    1  1.14517E+17 0.00116 
   72    1    1    1    1    1    1   72    1    1  1.14090E+17 0.00115 
   73    1    1    1    1    1    1   73    1    1  1.14188E+17 0.00114 
   74    1    1    1    1    1    1   74    1    1  1.14447E+17 0.00113 
   75    1    1    1    1    1    1   75    1    1  1.14291E+17 0.00113 
   76    1    1    1    1    1    1   76    1    1  1.13935E+17 0.00113 
   77    1    1    1    1    1    1   77    1    1  1.13745E+17 0.00115 
   78    1    1    1    1    1    1   78    1    1  1.13612E+17 0.00114 
   79    1    1    1    1    1    1   79    1    1  1.13779E+17 0.00112 
   80    1    1    1    1    1    1   80    1    1  1.13601E+17 0.00111 
   81    1    1    1    1    1    1   81    1    1  1.13958E+17 0.00109 
   82    1    1    1    1    1    1   82    1    1  1.14110E+17 0.00108 
   83    1    1    1    1    1    1   83    1    1  1.13759E+17 0.00110 
   84    1    1    1    1    1    1   84    1    1  1.13684E+17 0.00110 
   85    1    1    1    1    1    1   85    1    1  1.13683E+17 0.00110 
   86    1    1    1    1    1    1   86    1    1  1.13395E+17 0.00109 
   87    1    1    1    1    1    1   87    1    1  1.13111E+17 0.00110 
   88    1    1    1    1    1    1   88    1    1  1.13295E+17 0.00109 
   89    1    1    1    1    1    1   89    1    1  1.13463E+17 0.00108 
   90    1    1    1    1    1    1   90    1    1  1.12860E+17 0.00111 
   91    1    1    1    1    1    1   91    1    1  1.12617E+17 0.00109 
   92    1    1    1    1    1    1   92    1    1  1.12496E+17 0.00110 
   93    1    1    1    1    1    1   93    1    1  1.12245E+17 0.00110 
   94    1    1    1    1    1    1   94    1    1  1.12370E+17 0.00110 
   95    1    1    1    1    1    1   95    1    1  1.12362E+17 0.00110 
   96    1    1    1    1    1    1   96    1    1  1.12661E+17 0.00108 
   97    1    1    1    1    1    1   97    1    1  1.12666E+17 0.00107 
   98    1    1    1    1    1    1   98    1    1  1.12611E+17 0.00106 
   99    1    1    1    1    1    1   99    1    1  1.12671E+17 0.00106 
  100    1    1    1    1    1    1  100    1    1  1.12573E+17 0.00106 
  101    1    1    1    1    1    1  101    1    1  1.12060E+17 0.00107 
  102    1    1    1    1    1    1  102    1    1  1.11792E+17 0.00106 
  103    1    1    1    1    1    1  103    1    1  1.12058E+17 0.00106 
  104    1    1    1    1    1    1  104    1    1  1.12059E+17 0.00106 
  105    1    1    1    1    1    1  105    1    1  1.11641E+17 0.00108 
  106    1    1    1    1    1    1  106    1    1  1.11453E+17 0.00109 
  107    1    1    1    1    1    1  107    1    1  1.11099E+17 0.00109 
  108    1    1    1    1    1    1  108    1    1  1.10956E+17 0.00108 
  109    1    1    1    1    1    1  109    1    1  1.10882E+17 0.00108 
