
DETEnergyDetector = [
    1    1    1    1    1    1    1    1    1    1  7.83354E-09 0.49014 
    2    2    1    1    1    1    1    1    1    1  1.82577E-09 0.99038 
    3    3    1    1    1    1    1    1    1    1  0.00000E+00 0.00000 
    4    4    1    1    1    1    1    1    1    1  2.02044E-09 1.00000 
    5    5    1    1    1    1    1    1    1    1  2.11033E-09 1.00000 
    6    6    1    1    1    1    1    1    1    1  2.18724E-09 0.99078 
    7    7    1    1    1    1    1    1    1    1  4.07838E-11 0.70711 
    8    8    1    1    1    1    1    1    1    1  0.00000E+00 0.00000 
    9    9    1    1    1    1    1    1    1    1  2.35610E-09 1.00000 
   10   10    1    1    1    1    1    1    1    1  2.51680E-09 1.00000 
   11   11    1    1    1    1    1    1    1    1  4.57981E-11 0.70708 
   12   12    1    1    1    1    1    1    1    1  3.89903E-09 0.75134 
   13   13    1    1    1    1    1    1    1    1  2.47765E-09 0.99043 
   14   14    1    1    1    1    1    1    1    1  2.77453E-09 0.99098 
   15   15    1    1    1    1    1    1    1    1  1.35857E-09 0.98126 
   16   16    1    1    1    1    1    1    1    1  1.40624E-09 0.98156 
   17   17    1    1    1    1    1    1    1    1  2.73099E-11 1.00000 
   18   18    1    1    1    1    1    1    1    1  3.39328E-09 0.92615 
   19   19    1    1    1    1    1    1    1    1  2.88447E-11 1.00000 
   20   20    1    1    1    1    1    1    1    1  6.63898E-09 0.69781 
   21   21    1    1    1    1    1    1    1    1  1.64277E-09 0.96314 
   22   22    1    1    1    1    1    1    1    1  9.42758E-11 0.57729 
   23   23    1    1    1    1    1    1    1    1  3.67845E-09 0.95642 
   24   24    1    1    1    1    1    1    1    1  1.48770E-08 0.49660 
   25   25    1    1    1    1    1    1    1    1  1.13641E-08 0.56688 
   26   26    1    1    1    1    1    1    1    1  4.09457E-09 0.95738 
   27   27    1    1    1    1    1    1    1    1  1.22501E-08 0.56721 
   28   28    1    1    1    1    1    1    1    1  1.85122E-10 0.44711 
   29   29    1    1    1    1    1    1    1    1  2.15448E-08 0.44240 
   30   30    1    1    1    1    1    1    1    1  2.84955E-08 0.38212 
   31   31    1    1    1    1    1    1    1    1  9.44287E-09 0.67090 
   32   32    1    1    1    1    1    1    1    1  6.91215E-08 0.80442 
   33   33    1    1    1    1    1    1    1    1  2.39201E-08 0.44235 
   34   34    1    1    1    1    1    1    1    1  1.99970E-08 0.49006 
   35   35    1    1    1    1    1    1    1    1  2.54366E-08 0.44240 
   36   36    1    1    1    1    1    1    1    1  2.36230E-08 0.44793 
   37   37    1    1    1    1    1    1    1    1  2.68537E-08 0.41232 
   38   38    1    1    1    1    1    1    1    1  2.49233E-08 0.44837 
   39   39    1    1    1    1    1    1    1    1  1.01535E-07 0.57275 
   40   40    1    1    1    1    1    1    1    1  1.19706E-07 0.45141 
   41   41    1    1    1    1    1    1    1    1  1.50244E-07 0.40240 
   42   42    1    1    1    1    1    1    1    1  6.53162E-08 0.30105 
   43   43    1    1    1    1    1    1    1    1  7.70618E-08 0.28382 
   44   44    1    1    1    1    1    1    1    1  8.27356E-08 0.28520 
   45   45    1    1    1    1    1    1    1    1  1.21056E-07 0.49330 
   46   46    1    1    1    1    1    1    1    1  1.45864E-07 0.38134 
   47   47    1    1    1    1    1    1    1    1  1.16601E-07 0.25121 
   48   48    1    1    1    1    1    1    1    1  1.27885E-07 0.23096 
   49   49    1    1    1    1    1    1    1    1  1.25672E-07 0.25479 
   50   50    1    1    1    1    1    1    1    1  1.77594E-07 0.32868 
   51   51    1    1    1    1    1    1    1    1  1.36228E-07 0.23701 
   52   52    1    1    1    1    1    1    1    1  2.03946E-07 0.19731 
   53   53    1    1    1    1    1    1    1    1  2.35260E-07 0.18434 
   54   54    1    1    1    1    1    1    1    1  4.65151E-07 0.21468 
   55   55    1    1    1    1    1    1    1    1  3.16923E-07 0.24107 
   56   56    1    1    1    1    1    1    1    1  3.71583E-07 0.19807 
   57   57    1    1    1    1    1    1    1    1  3.90211E-07 0.15301 
   58   58    1    1    1    1    1    1    1    1  8.19638E-07 0.20592 
   59   59    1    1    1    1    1    1    1    1  4.89013E-07 0.20094 
   60   60    1    1    1    1    1    1    1    1  6.70895E-07 0.16012 
   61   61    1    1    1    1    1    1    1    1  6.16595E-07 0.12752 
   62   62    1    1    1    1    1    1    1    1  9.32960E-07 0.15404 
   63   63    1    1    1    1    1    1    1    1  9.93520E-07 0.19134 
   64   64    1    1    1    1    1    1    1    1  1.11934E-06 0.14030 
   65   65    1    1    1    1    1    1    1    1  1.19463E-06 0.13923 
   66   66    1    1    1    1    1    1    1    1  1.68977E-06 0.12114 
   67   67    1    1    1    1    1    1    1    1  1.33951E-06 0.12743 
   68   68    1    1    1    1    1    1    1    1  1.51268E-06 0.11505 
   69   69    1    1    1    1    1    1    1    1  1.80320E-06 0.10829 
   70   70    1    1    1    1    1    1    1    1  2.42155E-06 0.11122 
   71   71    1    1    1    1    1    1    1    1  2.82290E-06 0.13392 
   72   72    1    1    1    1    1    1    1    1  3.15404E-06 0.09511 
   73   73    1    1    1    1    1    1    1    1  3.55923E-06 0.08835 
   74   74    1    1    1    1    1    1    1    1  3.54212E-06 0.09031 
   75   75    1    1    1    1    1    1    1    1  4.49781E-06 0.07049 
   76   76    1    1    1    1    1    1    1    1  4.21957E-06 0.07224 
   77   77    1    1    1    1    1    1    1    1  1.27182E-03 0.00360 
   78   78    1    1    1    1    1    1    1    1  4.92765E-03 0.00188 
   79   79    1    1    1    1    1    1    1    1  1.98554E-03 0.00293 
   80   80    1    1    1    1    1    1    1    1  1.39063E-03 0.00363 
   81   81    1    1    1    1    1    1    1    1  2.02809E-03 0.00298 
   82   82    1    1    1    1    1    1    1    1  2.29566E-03 0.00284 
   83   83    1    1    1    1    1    1    1    1  2.06585E-03 0.00304 
   84   84    1    1    1    1    1    1    1    1  2.18041E-03 0.00302 
   85   85    1    1    1    1    1    1    1    1  2.46426E-03 0.00285 
   86   86    1    1    1    1    1    1    1    1  2.69377E-03 0.00280 
   87   87    1    1    1    1    1    1    1    1  3.06083E-03 0.00261 
   88   88    1    1    1    1    1    1    1    1  3.55834E-03 0.00247 
   89   89    1    1    1    1    1    1    1    1  4.31094E-03 0.00226 
   90   90    1    1    1    1    1    1    1    1  4.77699E-03 0.00217 
   91   91    1    1    1    1    1    1    1    1  6.21926E-03 0.00194 
   92   92    1    1    1    1    1    1    1    1  7.40103E-03 0.00186 
   93   93    1    1    1    1    1    1    1    1  8.89656E-03 0.00221 
   94   94    1    1    1    1    1    1    1    1  2.10949E-02 0.00145 
   95   95    1    1    1    1    1    1    1    1  5.80277E-02 0.00087 
   96   96    1    1    1    1    1    1    1    1  7.73545E-03 0.00243 
   97   97    1    1    1    1    1    1    1    1  8.36702E-03 0.00235 
   98   98    1    1    1    1    1    1    1    1  2.79595E-02 0.00130 
   99   99    1    1    1    1    1    1    1    1  4.09848E-02 0.00109 
  100  100    1    1    1    1    1    1    1    1  2.07999E-02 0.00155 
  101  101    1    1    1    1    1    1    1    1  2.51733E-02 0.00142 
  102  102    1    1    1    1    1    1    1    1  4.23224E-02 0.00109 
  103  103    1    1    1    1    1    1    1    1  5.41060E-02 0.00098 
  104  104    1    1    1    1    1    1    1    1  4.80860E-02 0.00105 
  105  105    1    1    1    1    1    1    1    1  3.37920E-02 0.00123 
  106  106    1    1    1    1    1    1    1    1  3.73132E-02 0.00119 
  107  107    1    1    1    1    1    1    1    1  7.04289E-02 0.00089 
  108  108    1    1    1    1    1    1    1    1  1.75672E-01 0.00057 
  109  109    1    1    1    1    1    1    1    1  6.03401E-02 0.00096 
