
DETAxial = [
    1    1    1    1    1    1    1    1    1    1  7.74010E+15 0.00321 
    2    1    1    1    1    1    1    2    1    1  1.75486E+16 0.00308 
    3    1    1    1    1    1    1    3    1    1  2.74775E+16 0.00301 
    4    1    1    1    1    1    1    4    1    1  3.75940E+16 0.00290 
    5    1    1    1    1    1    1    5    1    1  4.79369E+16 0.00281 
    6    1    1    1    1    1    1    6    1    1  5.85064E+16 0.00270 
    7    1    1    1    1    1    1    7    1    1  6.96000E+16 0.00261 
    8    1    1    1    1    1    1    8    1    1  8.11629E+16 0.00252 
    9    1    1    1    1    1    1    9    1    1  9.32782E+16 0.00240 
   10    1    1    1    1    1    1   10    1    1  1.06049E+17 0.00231 
   11    1    1    1    1    1    1   11    1    1  1.19682E+17 0.00221 
   12    1    1    1    1    1    1   12    1    1  1.33944E+17 0.00215 
   13    1    1    1    1    1    1   13    1    1  1.48857E+17 0.00206 
   14    1    1    1    1    1    1   14    1    1  1.64965E+17 0.00197 
   15    1    1    1    1    1    1   15    1    1  1.82044E+17 0.00189 
   16    1    1    1    1    1    1   16    1    1  2.00313E+17 0.00182 
   17    1    1    1    1    1    1   17    1    1  2.19650E+17 0.00172 
   18    1    1    1    1    1    1   18    1    1  2.40566E+17 0.00167 
   19    1    1    1    1    1    1   19    1    1  2.62609E+17 0.00162 
   20    1    1    1    1    1    1   20    1    1  2.85987E+17 0.00155 
   21    1    1    1    1    1    1   21    1    1  3.09978E+17 0.00150 
   22    1    1    1    1    1    1   22    1    1  3.34681E+17 0.00143 
   23    1    1    1    1    1    1   23    1    1  3.58730E+17 0.00138 
   24    1    1    1    1    1    1   24    1    1  3.80606E+17 0.00134 
   25    1    1    1    1    1    1   25    1    1  3.98272E+17 0.00130 
   26    1    1    1    1    1    1   26    1    1  4.07547E+17 0.00124 
   27    1    1    1    1    1    1   27    1    1  4.03327E+17 0.00122 
   28    1    1    1    1    1    1   28    1    1  3.80504E+17 0.00118 
   29    1    1    1    1    1    1   29    1    1  3.31357E+17 0.00114 
   30    1    1    1    1    1    1   30    1    1  2.49999E+17 0.00110 
   31    1    1    1    1    1    1   31    1    1  1.69710E+17 0.00108 
   32    1    1    1    1    1    1   32    1    1  1.30132E+17 0.00110 
   33    1    1    1    1    1    1   33    1    1  1.09783E+17 0.00112 
   34    1    1    1    1    1    1   34    1    1  9.98547E+16 0.00113 
   35    1    1    1    1    1    1   35    1    1  9.52773E+16 0.00114 
   36    1    1    1    1    1    1   36    1    1  9.36450E+16 0.00114 
   37    1    1    1    1    1    1   37    1    1  9.34822E+16 0.00111 
   38    1    1    1    1    1    1   38    1    1  9.35830E+16 0.00111 
   39    1    1    1    1    1    1   39    1    1  9.37200E+16 0.00110 
   40    1    1    1    1    1    1   40    1    1  9.41651E+16 0.00110 
   41    1    1    1    1    1    1   41    1    1  9.50130E+16 0.00109 
   42    1    1    1    1    1    1   42    1    1  9.56543E+16 0.00108 
   43    1    1    1    1    1    1   43    1    1  9.61309E+16 0.00108 
   44    1    1    1    1    1    1   44    1    1  9.65283E+16 0.00105 
   45    1    1    1    1    1    1   45    1    1  9.67745E+16 0.00107 
   46    1    1    1    1    1    1   46    1    1  9.76375E+16 0.00105 
   47    1    1    1    1    1    1   47    1    1  9.80908E+16 0.00104 
   48    1    1    1    1    1    1   48    1    1  9.85006E+16 0.00104 
   49    1    1    1    1    1    1   49    1    1  9.89030E+16 0.00104 
   50    1    1    1    1    1    1   50    1    1  9.92563E+16 0.00103 
   51    1    1    1    1    1    1   51    1    1  9.95936E+16 0.00103 
   52    1    1    1    1    1    1   52    1    1  1.00073E+17 0.00102 
   53    1    1    1    1    1    1   53    1    1  1.00090E+17 0.00103 
   54    1    1    1    1    1    1   54    1    1  9.99170E+16 0.00104 
   55    1    1    1    1    1    1   55    1    1  1.00106E+17 0.00104 
   56    1    1    1    1    1    1   56    1    1  1.00554E+17 0.00102 
   57    1    1    1    1    1    1   57    1    1  1.01110E+17 0.00101 
   58    1    1    1    1    1    1   58    1    1  1.01404E+17 0.00102 
   59    1    1    1    1    1    1   59    1    1  1.01328E+17 0.00101 
   60    1    1    1    1    1    1   60    1    1  1.01610E+17 0.00100 
   61    1    1    1    1    1    1   61    1    1  1.02581E+17 0.00101 
   62    1    1    1    1    1    1   62    1    1  1.02783E+17 0.00099 
   63    1    1    1    1    1    1   63    1    1  1.03098E+17 0.00098 
   64    1    1    1    1    1    1   64    1    1  1.03406E+17 0.00097 
   65    1    1    1    1    1    1   65    1    1  1.03666E+17 0.00097 
   66    1    1    1    1    1    1   66    1    1  1.04048E+17 0.00097 
   67    1    1    1    1    1    1   67    1    1  1.04188E+17 0.00097 
   68    1    1    1    1    1    1   68    1    1  1.04040E+17 0.00095 
   69    1    1    1    1    1    1   69    1    1  1.03927E+17 0.00094 
   70    1    1    1    1    1    1   70    1    1  1.04117E+17 0.00093 
   71    1    1    1    1    1    1   71    1    1  1.04493E+17 0.00094 
   72    1    1    1    1    1    1   72    1    1  1.04698E+17 0.00095 
   73    1    1    1    1    1    1   73    1    1  1.04746E+17 0.00094 
   74    1    1    1    1    1    1   74    1    1  1.04545E+17 0.00093 
   75    1    1    1    1    1    1   75    1    1  1.05065E+17 0.00093 
   76    1    1    1    1    1    1   76    1    1  1.05694E+17 0.00091 
   77    1    1    1    1    1    1   77    1    1  1.05774E+17 0.00091 
   78    1    1    1    1    1    1   78    1    1  1.05980E+17 0.00093 
   79    1    1    1    1    1    1   79    1    1  1.06100E+17 0.00090 
   80    1    1    1    1    1    1   80    1    1  1.06298E+17 0.00090 
   81    1    1    1    1    1    1   81    1    1  1.06347E+17 0.00088 
   82    1    1    1    1    1    1   82    1    1  1.06324E+17 0.00090 
   83    1    1    1    1    1    1   83    1    1  1.06091E+17 0.00090 
   84    1    1    1    1    1    1   84    1    1  1.05750E+17 0.00089 
   85    1    1    1    1    1    1   85    1    1  1.05857E+17 0.00088 
   86    1    1    1    1    1    1   86    1    1  1.06052E+17 0.00089 
   87    1    1    1    1    1    1   87    1    1  1.06263E+17 0.00090 
   88    1    1    1    1    1    1   88    1    1  1.06360E+17 0.00089 
   89    1    1    1    1    1    1   89    1    1  1.05991E+17 0.00089 
   90    1    1    1    1    1    1   90    1    1  1.06402E+17 0.00090 
   91    1    1    1    1    1    1   91    1    1  1.06700E+17 0.00089 
   92    1    1    1    1    1    1   92    1    1  1.06687E+17 0.00089 
   93    1    1    1    1    1    1   93    1    1  1.06808E+17 0.00089 
   94    1    1    1    1    1    1   94    1    1  1.06818E+17 0.00090 
   95    1    1    1    1    1    1   95    1    1  1.06798E+17 0.00088 
   96    1    1    1    1    1    1   96    1    1  1.06780E+17 0.00087 
   97    1    1    1    1    1    1   97    1    1  1.06608E+17 0.00088 
   98    1    1    1    1    1    1   98    1    1  1.06123E+17 0.00087 
   99    1    1    1    1    1    1   99    1    1  1.05811E+17 0.00088 
  100    1    1    1    1    1    1  100    1    1  1.05880E+17 0.00089 
  101    1    1    1    1    1    1  101    1    1  1.05949E+17 0.00087 
  102    1    1    1    1    1    1  102    1    1  1.05943E+17 0.00088 
  103    1    1    1    1    1    1  103    1    1  1.05795E+17 0.00090 
  104    1    1    1    1    1    1  104    1    1  1.05608E+17 0.00090 
  105    1    1    1    1    1    1  105    1    1  1.06069E+17 0.00089 
  106    1    1    1    1    1    1  106    1    1  1.06200E+17 0.00090 
  107    1    1    1    1    1    1  107    1    1  1.06150E+17 0.00092 
  108    1    1    1    1    1    1  108    1    1  1.06183E+17 0.00091 
  109    1    1    1    1    1    1  109    1    1  1.05972E+17 0.00091 
