
DETAxial = [
    1    1    1    1    1    1    1    1    1    1  3.64715E+14 0.00992 
    2    1    1    1    1    1    1    2    1    1  8.29206E+14 0.00753 
    3    1    1    1    1    1    1    3    1    1  1.29434E+15 0.00638 
    4    1    1    1    1    1    1    4    1    1  1.76936E+15 0.00591 
    5    1    1    1    1    1    1    5    1    1  2.26178E+15 0.00528 
    6    1    1    1    1    1    1    6    1    1  2.73963E+15 0.00488 
    7    1    1    1    1    1    1    7    1    1  3.27688E+15 0.00464 
    8    1    1    1    1    1    1    8    1    1  3.83617E+15 0.00436 
    9    1    1    1    1    1    1    9    1    1  4.39500E+15 0.00419 
   10    1    1    1    1    1    1   10    1    1  5.00534E+15 0.00390 
   11    1    1    1    1    1    1   11    1    1  5.65360E+15 0.00367 
   12    1    1    1    1    1    1   12    1    1  6.33713E+15 0.00356 
   13    1    1    1    1    1    1   13    1    1  7.08810E+15 0.00347 
   14    1    1    1    1    1    1   14    1    1  7.87683E+15 0.00330 
   15    1    1    1    1    1    1   15    1    1  8.73483E+15 0.00310 
   16    1    1    1    1    1    1   16    1    1  9.62877E+15 0.00295 
   17    1    1    1    1    1    1   17    1    1  1.05710E+16 0.00280 
   18    1    1    1    1    1    1   18    1    1  1.15676E+16 0.00267 
   19    1    1    1    1    1    1   19    1    1  1.26697E+16 0.00261 
   20    1    1    1    1    1    1   20    1    1  1.37996E+16 0.00247 
   21    1    1    1    1    1    1   21    1    1  1.49876E+16 0.00239 
   22    1    1    1    1    1    1   22    1    1  1.62004E+16 0.00227 
   23    1    1    1    1    1    1   23    1    1  1.72994E+16 0.00218 
   24    1    1    1    1    1    1   24    1    1  1.82117E+16 0.00210 
   25    1    1    1    1    1    1   25    1    1  1.89459E+16 0.00204 
   26    1    1    1    1    1    1   26    1    1  1.90915E+16 0.00202 
   27    1    1    1    1    1    1   27    1    1  1.85407E+16 0.00193 
   28    1    1    1    1    1    1   28    1    1  1.70029E+16 0.00199 
   29    1    1    1    1    1    1   29    1    1  1.40783E+16 0.00204 
   30    1    1    1    1    1    1   30    1    1  9.28550E+15 0.00225 
   31    1    1    1    1    1    1   31    1    1  4.55252E+15 0.00302 
   32    1    1    1    1    1    1   32    1    1  2.77733E+15 0.00381 
   33    1    1    1    1    1    1   33    1    1  2.05803E+15 0.00430 
   34    1    1    1    1    1    1   34    1    1  1.71504E+15 0.00472 
   35    1    1    1    1    1    1   35    1    1  1.56914E+15 0.00494 
   36    1    1    1    1    1    1   36    1    1  1.49422E+15 0.00506 
   37    1    1    1    1    1    1   37    1    1  1.49114E+15 0.00501 
   38    1    1    1    1    1    1   38    1    1  1.49484E+15 0.00507 
   39    1    1    1    1    1    1   39    1    1  1.48509E+15 0.00500 
   40    1    1    1    1    1    1   40    1    1  1.50624E+15 0.00500 
   41    1    1    1    1    1    1   41    1    1  1.51804E+15 0.00495 
   42    1    1    1    1    1    1   42    1    1  1.52078E+15 0.00480 
   43    1    1    1    1    1    1   43    1    1  1.52706E+15 0.00490 
   44    1    1    1    1    1    1   44    1    1  1.54225E+15 0.00480 
   45    1    1    1    1    1    1   45    1    1  1.56372E+15 0.00489 
   46    1    1    1    1    1    1   46    1    1  1.57408E+15 0.00485 
   47    1    1    1    1    1    1   47    1    1  1.57584E+15 0.00489 
   48    1    1    1    1    1    1   48    1    1  1.58660E+15 0.00476 
   49    1    1    1    1    1    1   49    1    1  1.60163E+15 0.00479 
   50    1    1    1    1    1    1   50    1    1  1.61681E+15 0.00473 
   51    1    1    1    1    1    1   51    1    1  1.63005E+15 0.00478 
   52    1    1    1    1    1    1   52    1    1  1.65081E+15 0.00477 
   53    1    1    1    1    1    1   53    1    1  1.64340E+15 0.00468 
   54    1    1    1    1    1    1   54    1    1  1.64852E+15 0.00472 
   55    1    1    1    1    1    1   55    1    1  1.66647E+15 0.00475 
   56    1    1    1    1    1    1   56    1    1  1.68407E+15 0.00478 
   57    1    1    1    1    1    1   57    1    1  1.68034E+15 0.00467 
   58    1    1    1    1    1    1   58    1    1  1.67296E+15 0.00458 
   59    1    1    1    1    1    1   59    1    1  1.70584E+15 0.00468 
   60    1    1    1    1    1    1   60    1    1  1.70607E+15 0.00475 
   61    1    1    1    1    1    1   61    1    1  1.72081E+15 0.00471 
   62    1    1    1    1    1    1   62    1    1  1.72090E+15 0.00464 
   63    1    1    1    1    1    1   63    1    1  1.71219E+15 0.00466 
   64    1    1    1    1    1    1   64    1    1  1.72523E+15 0.00463 
   65    1    1    1    1    1    1   65    1    1  1.72278E+15 0.00472 
   66    1    1    1    1    1    1   66    1    1  1.74552E+15 0.00455 
   67    1    1    1    1    1    1   67    1    1  1.76946E+15 0.00446 
   68    1    1    1    1    1    1   68    1    1  1.78242E+15 0.00446 
   69    1    1    1    1    1    1   69    1    1  1.77552E+15 0.00450 
   70    1    1    1    1    1    1   70    1    1  1.78194E+15 0.00454 
   71    1    1    1    1    1    1   71    1    1  1.77838E+15 0.00449 
   72    1    1    1    1    1    1   72    1    1  1.78251E+15 0.00443 
   73    1    1    1    1    1    1   73    1    1  1.78468E+15 0.00456 
   74    1    1    1    1    1    1   74    1    1  1.79188E+15 0.00446 
   75    1    1    1    1    1    1   75    1    1  1.81501E+15 0.00436 
   76    1    1    1    1    1    1   76    1    1  1.81965E+15 0.00461 
   77    1    1    1    1    1    1   77    1    1  1.81539E+15 0.00458 
   78    1    1    1    1    1    1   78    1    1  1.80222E+15 0.00449 
   79    1    1    1    1    1    1   79    1    1  1.82223E+15 0.00446 
   80    1    1    1    1    1    1   80    1    1  1.81261E+15 0.00456 
   81    1    1    1    1    1    1   81    1    1  1.84403E+15 0.00441 
   82    1    1    1    1    1    1   82    1    1  1.85585E+15 0.00446 
   83    1    1    1    1    1    1   83    1    1  1.83940E+15 0.00442 
   84    1    1    1    1    1    1   84    1    1  1.84742E+15 0.00440 
   85    1    1    1    1    1    1   85    1    1  1.85594E+15 0.00437 
   86    1    1    1    1    1    1   86    1    1  1.85856E+15 0.00441 
   87    1    1    1    1    1    1   87    1    1  1.85784E+15 0.00438 
   88    1    1    1    1    1    1   88    1    1  1.85066E+15 0.00440 
   89    1    1    1    1    1    1   89    1    1  1.86404E+15 0.00436 
   90    1    1    1    1    1    1   90    1    1  1.86355E+15 0.00443 
   91    1    1    1    1    1    1   91    1    1  1.85862E+15 0.00443 
   92    1    1    1    1    1    1   92    1    1  1.87190E+15 0.00439 
   93    1    1    1    1    1    1   93    1    1  1.84796E+15 0.00436 
   94    1    1    1    1    1    1   94    1    1  1.85409E+15 0.00446 
   95    1    1    1    1    1    1   95    1    1  1.84909E+15 0.00444 
   96    1    1    1    1    1    1   96    1    1  1.86359E+15 0.00446 
   97    1    1    1    1    1    1   97    1    1  1.87940E+15 0.00444 
   98    1    1    1    1    1    1   98    1    1  1.86892E+15 0.00441 
   99    1    1    1    1    1    1   99    1    1  1.86837E+15 0.00442 
  100    1    1    1    1    1    1  100    1    1  1.87734E+15 0.00451 
  101    1    1    1    1    1    1  101    1    1  1.85003E+15 0.00431 
  102    1    1    1    1    1    1  102    1    1  1.85726E+15 0.00443 
  103    1    1    1    1    1    1  103    1    1  1.88112E+15 0.00441 
  104    1    1    1    1    1    1  104    1    1  1.87100E+15 0.00447 
  105    1    1    1    1    1    1  105    1    1  1.85968E+15 0.00450 
  106    1    1    1    1    1    1  106    1    1  1.84736E+15 0.00450 
  107    1    1    1    1    1    1  107    1    1  1.84801E+15 0.00445 
  108    1    1    1    1    1    1  108    1    1  1.85242E+15 0.00442 
  109    1    1    1    1    1    1  109    1    1  1.83993E+15 0.00443 
