
DETAxial = [
    1    1    1    1    1    1    1    1    1    1  5.57681E+14 0.00908 
    2    1    1    1    1    1    1    2    1    1  1.27479E+15 0.00679 
    3    1    1    1    1    1    1    3    1    1  1.98477E+15 0.00599 
    4    1    1    1    1    1    1    4    1    1  2.70073E+15 0.00529 
    5    1    1    1    1    1    1    5    1    1  3.47535E+15 0.00487 
    6    1    1    1    1    1    1    6    1    1  4.25679E+15 0.00448 
    7    1    1    1    1    1    1    7    1    1  5.06978E+15 0.00426 
    8    1    1    1    1    1    1    8    1    1  5.89147E+15 0.00405 
    9    1    1    1    1    1    1    9    1    1  6.76208E+15 0.00389 
   10    1    1    1    1    1    1   10    1    1  7.74434E+15 0.00373 
   11    1    1    1    1    1    1   11    1    1  8.76910E+15 0.00351 
   12    1    1    1    1    1    1   12    1    1  9.80780E+15 0.00336 
   13    1    1    1    1    1    1   13    1    1  1.09452E+16 0.00312 
   14    1    1    1    1    1    1   14    1    1  1.21469E+16 0.00306 
   15    1    1    1    1    1    1   15    1    1  1.34813E+16 0.00295 
   16    1    1    1    1    1    1   16    1    1  1.48692E+16 0.00282 
   17    1    1    1    1    1    1   17    1    1  1.63428E+16 0.00270 
   18    1    1    1    1    1    1   18    1    1  1.79122E+16 0.00261 
   19    1    1    1    1    1    1   19    1    1  1.95883E+16 0.00255 
   20    1    1    1    1    1    1   20    1    1  2.13985E+16 0.00241 
   21    1    1    1    1    1    1   21    1    1  2.31955E+16 0.00237 
   22    1    1    1    1    1    1   22    1    1  2.49410E+16 0.00232 
   23    1    1    1    1    1    1   23    1    1  2.66668E+16 0.00221 
   24    1    1    1    1    1    1   24    1    1  2.80284E+16 0.00213 
   25    1    1    1    1    1    1   25    1    1  2.89001E+16 0.00211 
   26    1    1    1    1    1    1   26    1    1  2.90118E+16 0.00209 
   27    1    1    1    1    1    1   27    1    1  2.79023E+16 0.00209 
   28    1    1    1    1    1    1   28    1    1  2.53207E+16 0.00210 
   29    1    1    1    1    1    1   29    1    1  2.05932E+16 0.00215 
   30    1    1    1    1    1    1   30    1    1  1.30834E+16 0.00234 
   31    1    1    1    1    1    1   31    1    1  5.92531E+15 0.00311 
   32    1    1    1    1    1    1   32    1    1  3.39317E+15 0.00385 
   33    1    1    1    1    1    1   33    1    1  2.32918E+15 0.00457 
   34    1    1    1    1    1    1   34    1    1  1.85472E+15 0.00517 
   35    1    1    1    1    1    1   35    1    1  1.64040E+15 0.00540 
   36    1    1    1    1    1    1   36    1    1  1.56463E+15 0.00574 
   37    1    1    1    1    1    1   37    1    1  1.53390E+15 0.00564 
   38    1    1    1    1    1    1   38    1    1  1.52725E+15 0.00545 
   39    1    1    1    1    1    1   39    1    1  1.50151E+15 0.00542 
   40    1    1    1    1    1    1   40    1    1  1.49433E+15 0.00557 
   41    1    1    1    1    1    1   41    1    1  1.51053E+15 0.00568 
   42    1    1    1    1    1    1   42    1    1  1.49402E+15 0.00569 
   43    1    1    1    1    1    1   43    1    1  1.50670E+15 0.00563 
   44    1    1    1    1    1    1   44    1    1  1.50498E+15 0.00554 
   45    1    1    1    1    1    1   45    1    1  1.51430E+15 0.00557 
   46    1    1    1    1    1    1   46    1    1  1.51949E+15 0.00568 
   47    1    1    1    1    1    1   47    1    1  1.47673E+15 0.00565 
   48    1    1    1    1    1    1   48    1    1  1.47953E+15 0.00558 
   49    1    1    1    1    1    1   49    1    1  1.49004E+15 0.00570 
   50    1    1    1    1    1    1   50    1    1  1.47550E+15 0.00535 
   51    1    1    1    1    1    1   51    1    1  1.48078E+15 0.00556 
   52    1    1    1    1    1    1   52    1    1  1.51142E+15 0.00557 
   53    1    1    1    1    1    1   53    1    1  1.51054E+15 0.00565 
   54    1    1    1    1    1    1   54    1    1  1.49264E+15 0.00561 
   55    1    1    1    1    1    1   55    1    1  1.50660E+15 0.00555 
   56    1    1    1    1    1    1   56    1    1  1.49984E+15 0.00552 
   57    1    1    1    1    1    1   57    1    1  1.48710E+15 0.00562 
   58    1    1    1    1    1    1   58    1    1  1.49672E+15 0.00552 
   59    1    1    1    1    1    1   59    1    1  1.50331E+15 0.00550 
   60    1    1    1    1    1    1   60    1    1  1.49827E+15 0.00555 
   61    1    1    1    1    1    1   61    1    1  1.49224E+15 0.00566 
   62    1    1    1    1    1    1   62    1    1  1.47304E+15 0.00555 
   63    1    1    1    1    1    1   63    1    1  1.46860E+15 0.00556 
   64    1    1    1    1    1    1   64    1    1  1.49400E+15 0.00555 
   65    1    1    1    1    1    1   65    1    1  1.49108E+15 0.00560 
   66    1    1    1    1    1    1   66    1    1  1.48189E+15 0.00555 
   67    1    1    1    1    1    1   67    1    1  1.47776E+15 0.00559 
   68    1    1    1    1    1    1   68    1    1  1.47134E+15 0.00574 
   69    1    1    1    1    1    1   69    1    1  1.47534E+15 0.00553 
   70    1    1    1    1    1    1   70    1    1  1.49135E+15 0.00556 
   71    1    1    1    1    1    1   71    1    1  1.46838E+15 0.00551 
   72    1    1    1    1    1    1   72    1    1  1.45664E+15 0.00565 
   73    1    1    1    1    1    1   73    1    1  1.47898E+15 0.00555 
   74    1    1    1    1    1    1   74    1    1  1.50478E+15 0.00547 
   75    1    1    1    1    1    1   75    1    1  1.46663E+15 0.00571 
   76    1    1    1    1    1    1   76    1    1  1.45845E+15 0.00561 
   77    1    1    1    1    1    1   77    1    1  1.45314E+15 0.00549 
   78    1    1    1    1    1    1   78    1    1  1.46075E+15 0.00557 
   79    1    1    1    1    1    1   79    1    1  1.47298E+15 0.00575 
   80    1    1    1    1    1    1   80    1    1  1.46701E+15 0.00554 
   81    1    1    1    1    1    1   81    1    1  1.47678E+15 0.00551 
   82    1    1    1    1    1    1   82    1    1  1.47843E+15 0.00551 
   83    1    1    1    1    1    1   83    1    1  1.47453E+15 0.00560 
   84    1    1    1    1    1    1   84    1    1  1.48642E+15 0.00558 
   85    1    1    1    1    1    1   85    1    1  1.49069E+15 0.00549 
   86    1    1    1    1    1    1   86    1    1  1.46828E+15 0.00566 
   87    1    1    1    1    1    1   87    1    1  1.47045E+15 0.00576 
   88    1    1    1    1    1    1   88    1    1  1.46856E+15 0.00567 
   89    1    1    1    1    1    1   89    1    1  1.46986E+15 0.00565 
   90    1    1    1    1    1    1   90    1    1  1.47720E+15 0.00557 
   91    1    1    1    1    1    1   91    1    1  1.46781E+15 0.00573 
   92    1    1    1    1    1    1   92    1    1  1.44631E+15 0.00566 
   93    1    1    1    1    1    1   93    1    1  1.44412E+15 0.00564 
   94    1    1    1    1    1    1   94    1    1  1.45577E+15 0.00564 
   95    1    1    1    1    1    1   95    1    1  1.45645E+15 0.00567 
   96    1    1    1    1    1    1   96    1    1  1.48047E+15 0.00565 
   97    1    1    1    1    1    1   97    1    1  1.47527E+15 0.00558 
   98    1    1    1    1    1    1   98    1    1  1.45567E+15 0.00561 
   99    1    1    1    1    1    1   99    1    1  1.45105E+15 0.00556 
  100    1    1    1    1    1    1  100    1    1  1.47256E+15 0.00567 
  101    1    1    1    1    1    1  101    1    1  1.44696E+15 0.00570 
  102    1    1    1    1    1    1  102    1    1  1.44956E+15 0.00570 
  103    1    1    1    1    1    1  103    1    1  1.46161E+15 0.00558 
  104    1    1    1    1    1    1  104    1    1  1.47371E+15 0.00559 
  105    1    1    1    1    1    1  105    1    1  1.46582E+15 0.00549 
  106    1    1    1    1    1    1  106    1    1  1.44846E+15 0.00564 
  107    1    1    1    1    1    1  107    1    1  1.45296E+15 0.00565 
  108    1    1    1    1    1    1  108    1    1  1.46677E+15 0.00557 
  109    1    1    1    1    1    1  109    1    1  1.45517E+15 0.00560 
